0 935 855.3609277017656
1 787 14.32370706355564
2 72 296.75646231132737
3 354 22.225011940924908
4 345 868.2329759566052
5 394 108.98306987849206
6 210 656.422957122363
8 523 33.225104005620324
9 497 468.03308322794396
10 448 1111.9280050095315
12 158 480.38380857073435
13 0 0.4242795758029312
14 20 903.6893988625982
15 182 946.0330515416223
16 128 10.222225967098774
17 778 750.7831922335254
20 825 73.10876198261295
21 0 611.3494881878063
22 716 64.03848633126175
24 0 152.7334320252451
26 923 1102.9924090487766
27 917 671.4741707579473
28 211 74.0593441239961
29 601 0.8012756313703439
31 441 71.69057062236149
32 852 128.32045500469084
33 0 105.96349099075417
34 91 29.930961842988133
35 0 501.07104677859957
36 64 385.848137798352
37 185 1900.1905759683432
38 254 607.8322111993544
39 0 1.6438890730445914
40 175 34.63186141328853
41 757 9.75589601026602
42 0 302.1972200528656
43 396 224.02969794994667
44 265 270.18547066936173
45 0 687.1002593776818
46 0 846.8490658202048
47 775 427.0909052452005
48 417 393.3408095547294
49 847 253.57716397674884
51 989 159.089373704742
52 787 10.892297959943336
53 487 3.0444532663677375
54 712 1134.122086609715
55 0 0.4305758644056308
57 215 1172.060283298443
58 837 40.01071024809279
59 703 18.763402466841313
60 729 41.33364695434549
61 216 15.752350934955075
62 219 75.53484530190782
64 0 1485.5499364030595
65 517 989.404903458708
66 756 224.08076013451915
67 390 21.375099378113706
68 104 73.89124899668131
69 393 173.53899047381856
70 882 95.48877218704317
71 917 114.92001422779036
73 533 8.38048009482519
74 690 43.65792598201268
75 0 47.9207619946628
76 197 1.6840262248095388
77 289 477.05819811409094
78 512 209.56481606740562
79 266 661.7181076902181
81 959 10.078579507422372
82 899 26.649820481713547
83 774 1.168807729243565
84 307 183.18015725262177
85 184 302.1972200528656
86 474 55.90934478998696
87 0 47.32186390525625
88 0 325.19869811258184
89 0 0.4504552506289115
90 959 6.621250655309684
91 932 109.5897019239745
92 2 2.6536930696477707
93 862 2.784149380043319
94 283 1655.4977726325699
95 574 1709.7763790067927
96 577 12.295224442350525
97 256 0.0
99 203 32.268323908182104
100 551 0.5196428691406673
101 412 6.334603318664244
102 553 28.44589726152136
103 291 175.2577756293675
104 599 301.06162173015457
105 0 93.66077296635666
107 305 59.435102013300316
109 742 85.84824265117545
110 359 1032.242549513475
111 562 1802.5454865549648
112 0 1466.6265293337979
114 905 208.18593968261624
115 248 994.063956088836
116 0 24.027544594487193
118 811 24.041652168427852
119 174 16.816021280660106
120 358 11.886222030531329
121 554 0.7197190688610632
122 423 127.59883907975859
123 0 222.8903718521216
124 804 31.261182443017027
125 988 81.94545025923884
126 571 60.798315346262214
127 0 11.401665403182657
128 858 734.2798546689302
129 474 153.61589941953366
130 333 387.0476025225669
132 454 0.7095682074561829
133 196 2712.9293193833664
134 194 66.31537996008711
135 510 9.291547615247794
136 524 4.689617323117642
137 408 9.227366243730138
138 402 71.07961201775302
140 215 0.4538659351248402
141 253 604.1134383966964
142 200 362.71859852015245
143 861 6.843160726367906
145 924 3665.761992820081
146 136 10.6362658981036
147 0 487.0842364509863
149 0 265.3501672384158
150 968 2555.768002001796
151 0 0.024547634950851105
152 340 616.4862134007154
153 516 87.80841179336106
154 29 1841.185046214442
155 367 222.53330889122563
156 893 4498.267820463102
157 657 903.5240603601441
158 815 37.596430208003255
159 0 668.353231705196
160 702 282.055212751105
161 975 234.8375066529913
162 0 218.53746755658443
163 388 44.16654794785656
164 293 854.3021835858506
165 591 524.7080300375853
166 487 260.5761179104103
168 106 1.6475816011933957
169 401 151.97625841292145
170 302 19.01121733091512
171 201 231.65995344118713
172 110 79.31089626014294
173 755 625.3370650824028
175 299 3136.8275194750026
178 341 805.6007920350551
180 591 6.850068303974463
181 370 48.124672865509304
182 222 32.784638239886874
183 491 69.09260526020711
185 312 0.5832221396679557
186 324 569.741787388738
187 979 639.8494923178365
189 54 10.553470599889536
190 0 118.17838581389375
191 0 26.833851039257716
192 0 151.38690680382263
193 407 1452.0513440051643
194 108 0.6715721473589016
195 951 193.78418372761263
196 862 225.52797920037477
197 750 566.0830634237733
198 769 181.73585606859717
199 210 25.321784198738982
200 81 0.5059470064496654
201 0 133.9220487437022
202 878 162.08283864530642
203 625 733.3009937663902
205 0 0.42925791675594405
206 434 238.35361961619546
207 611 423.5084724155148
208 0 906.4021544443495
209 779 63.542320190672385
212 0 77.96965670019627
213 802 308.2544835819687
214 460 81.3463084510169
215 0 500.1075864100085
216 183 660.4603335568263
217 933 7.712530054441719
220 0 647.0693136803396
221 503 300.51032718358965
222 413 1588.419262822743
223 980 19.1189210070876
224 886 182.95962568387574
225 599 96.38187913136419
226 0 36.90609299102877
227 984 65.35154248538373
228 630 534.3561814448814
229 744 53.42099864501002
230 367 1788.5386511258118
231 478 29.350880338124853
232 0 185.4337988982553
233 946 240.58013982367876
234 0 12.150046588446179
235 689 344.6909982298797
236 626 178.22529078744037
237 893 433.3138632049003
239 695 190.0655801164565
241 540 653.8691739508014
242 924 408.8780524113826
243 459 196.4773634986507
244 0 905.8279102398707
247 772 11.32127690336373
248 759 180.32999305575183
249 7 208.69851341238666
250 658 1.6715295736768478
251 788 90.5782197004874
252 892 859.2943126754438
253 825 109.24852745889649
254 0 749.6298598179671
255 466 669.7994065243937
256 884 2075.2137851379607
257 420 9.588956230018553
258 413 7.242171548466937
259 510 354.75922553109507
260 787 12.951160633167602
262 0 23.380103775429873
264 949 931.5589766072561
265 247 12.924501889426166
266 227 58.26155730104006
267 626 26.46255358267789
268 0 123.59968396945284
269 537 572.9533259303231
270 456 1537.823643090985
273 706 3434.515649573765
274 581 33.09936899638317
275 0 452.2942613906335
276 647 29.884264602223496
278 982 17.431295759580347
279 624 1.651936427508486
280 82 168.1984082744801
281 122 27.936977742660417
282 759 333.29622431517515
283 252 982.6063895082123
284 0 5.198557641122975
285 244 217.24084012729105
286 85 422.358636939567
288 526 283.02935231105226
289 298 110.18689378616135
290 970 130.50564468285165
291 901 534.9901978345945
292 53 472.065383888849
293 257 287.1181640751548
295 376 207.15352546025383
296 274 131.69446856016427
297 756 16.82219177931157
298 417 99.86821805765223
299 0 2.474796286185204
300 561 1234.7025477310767
301 0 14.22401545662443
302 561 5.236089376761213
303 583 49.30448550137928
305 575 214.18179471559162
306 657 1.6439193480260532
307 214 0.7095097333089203
308 355 42.746759949354384
309 0 203.52435305689755
310 280 848.2712241822941
311 520 228.82593212089301
312 970 162.729421616981
313 0 11.281377602072379
314 542 156.67666310597448
315 789 0.0
316 201 372.48374968782116
317 596 713.8536386898635
319 513 247.39011636299972
320 0 30.74632325489941
321 381 307.8446347140823
322 257 380.35502001694795
323 382 7650.732170258134
324 455 1.662416619711089
325 410 475.24835770443786
326 866 481.09068703657294
327 488 301.1096192568607
329 217 57.328071791630414
330 260 11.748926701482567
331 405 28.99011586540911
332 530 4.839880370695007
333 0 98.21893154568377
334 745 93.85952992788049
335 797 56.78268793965309
336 0 49.75452652265921
337 630 234.84360571964135
338 79 127.86993838809373
339 0 501.67890409658094
340 0 33.5609445555857
341 188 20.976489944026802
342 296 30.328355404968164
343 882 307.26879949905896
344 0 0.85326830006171
345 0 743.295361831792
346 734 823.0209025344146
349 754 218.78080998935292
350 0 112.12767664284439
352 473 455.0656595266359
353 0 0.0
354 872 0.0
355 592 1695.2883931246524
356 844 94.84558997988225
357 509 19.678070773229873
359 261 1343.4504429666417
360 380 185.0775363491256
361 294 1522.607615684725
362 783 1287.3652779406766
364 507 97.39269603926718
365 183 696.6183219426696
366 60 69.38633149029371
368 278 163.38740577106375
369 318 50.02902776305006
370 820 35.76394169420145
371 305 12.065868841304653
372 859 0.0
373 266 0.0
374 929 359.3695842575526
375 368 54.8605228969548
376 0 1193.0265084186149
377 514 762.7870453288388
378 327 305.11262568328635
379 325 52.14983467150826
380 576 0.4172621319212665
382 199 30.809567923022584
383 413 0.0
384 34 2377.855588227349
385 0 3.5777891815790754
386 198 121.92209845171088
387 905 113.16007302858293
388 0 823.1861031618462
389 541 31.34912806945125
390 393 16.765511854494434
391 625 46.94588325318742
393 740 9.939794739262899
394 0 27.45188991116177
395 606 181.01936416559886
399 272 41.5892996010424
400 174 2934.916698112194
401 266 10.280744442929208
402 122 3.5737531854725377
403 954 1.087799611798964
404 275 157.09815239891964
405 38 1029.4227475039836
406 920 106.95780022203938
407 888 0.37289798370151744
408 952 3879.9355813601032
409 0 656.5629230945609
410 0 664.9248882192758
411 745 146.58681450886905
412 887 3192.590572388226
413 529 117.38407208949359
414 398 1421.184252605594
415 142 74.04529352239119
416 623 738.3597612121421
417 899 10.040517890883933
418 546 0.03323821798528359
419 812 110.82996110872732
421 750 361.714932187492
423 194 288.9859802716451
424 398 18.41975466331982
425 129 1980.0402170703708
426 219 751.3438496469233
428 782 395.15856271133305
429 562 15.346355033588114
430 674 49.17172451381445
431 91 17.16520527083665
432 865 93.7921666319881
433 69 172.16663407215597
434 497 10.783189991789072
435 739 691.8698285755148
436 265 44.00554921193395
439 385 75.0205528917859
440 0 368.45858225538063
442 830 1124.1486740698797
443 157 0.5784075270133899
444 496 21.915762133876274
445 393 71.3861859694993
446 0 45.34614560893406
447 657 1008.1811771364196
448 395 21.798249947673668
449 875 569.2870982151852
450 533 720.2279420025168
451 199 33.37636917591347
452 0 248.44790535920555
454 586 502.5174409306633
455 596 161.38517515430232
456 145 34.96255646227904
457 904 377.11912064808354
458 931 535.9342110479414
459 144 1863.5085824303042
460 117 23.72298224342017
461 659 24.298024012160127
462 717 275.3253630783843
464 0 35.84929294698525
465 650 563.1997934186151
466 0 330.573528359751
468 668 452.0984604024978
470 614 504.83451662990353
472 677 28.00615617805432
473 713 120.71777521738736
474 891 431.56466859499767
476 149 88.45756760766457
477 302 594.2409877175331
478 347 416.73478203486906
479 810 375.4079283391791
480 68 67.18639809784457
481 846 577.2391185681188
482 964 1001.0968182470781
483 441 28.44315368824788
484 0 827.8975709130787
485 0 25.449468708637227
486 812 23.895982046801485
487 212 2815.3963165521886
488 650 1011.6973957516576
489 860 1167.4111117239472
490 500 9.97732925923932
493 357 409.8439234893248
494 0 319.69824023123306
495 149 464.11910188872145
496 280 0.0
497 706 685.1212791790082
498 870 10.624626051403407
499 560 172.80539277284214
500 814 110.64731913373365
501 692 5657.766061404222
502 151 0.43763068830443375
503 983 543.175528090901
505 396 0.7166922545904998
506 0 454.032162935946
508 645 1381.412792507337
509 596 26.63181484812581
510 562 46.404552834975966
511 0 1124.1236996527584
512 230 1339.1072176256316
514 695 1289.9396594642853
516 830 241.47021217880476
517 179 649.9135058712786
518 470 34.114176663459496
520 307 423.41291254842946
521 388 172.49874853600645
522 858 227.23805869961922
523 176 16.264769238046078
524 0 0.41401349956272426
526 487 109.76361964275202
527 0 269.1882223695543
528 250 1843.567005016582
529 212 1437.9612627403665
530 60 266.619005796707
531 496 22.205170911914482
532 835 9.97732925923932
534 354 476.2263074756326
535 672 35.76394169420145
536 118 83.8239336732531
537 491 93.92728821001647
538 734 61.52373921158337
539 630 1639.092640826654
540 125 5036.252636826222
542 537 15.671712864037604
543 674 102.23159226807105
544 0 112.28745356557884
546 773 4.5738246652619985
547 768 45.164722606571985
548 756 42.391949005407426
549 428 18.614178482754937
550 487 1485.115749880735
551 34 5240.640541312055
552 505 1098.716999244325
553 299 958.4695874856429
554 752 347.3735364593397
555 0 96.06635782326914
556 790 37.9084194926196
557 790 1386.0571084047056
558 165 1.666367110092502
559 769 20.078745513220834
560 223 49.849488031005954
561 333 223.85738363618165
563 65 1633.5661214098668
564 0 246.00851140175772
565 550 682.7184020496977
566 835 0.43852910410971213
567 650 184.6149839204545
568 131 9.268787336540228
569 752 362.9999859732463
570 81 64.89999723538081
571 0 3742.3741967704186
572 181 168.1470544134617
573 680 8.645099954817102
574 500 138.2706603260895
575 704 302.6336102809987
576 694 116.02389409178016
577 509 472.065383888849
578 748 735.3275334377752
581 420 535.2089568285498
583 188 8.993344007629027
584 52 573.1665874808507
585 337 783.4291279609853
586 74 479.44325876610554
587 0 13.19025458881278
588 0 73.92529210542097
589 206 33.96810250641272
590 57 54.625892578308864
591 364 2993.3940022245483
592 772 63.272474629388334
593 464 17.60889674150483
594 184 0.0
595 0 537.0680994895747
596 0 1798.8318293729337
598 325 28.58817479397465
599 377 477.305666628057
601 690 579.6330378499837
602 82 148.25679289894362
605 841 4.014463904204168
607 394 6.996410878967535
608 159 75.18615297176909
609 106 1.6650388919608234
611 878 41.816542468319135
612 71 424.37342648837875
613 88 7.109285377769146
614 671 232.80652383850136
615 175 47.78908008960404
616 436 50.849884595987476
617 497 1204.5432674762276
618 169 5394.082577505235
619 145 122.46749466612212
620 635 0.0
621 973 73.87505904002069
623 829 0.5349674519555101
624 0 392.7596368043984
625 528 383.27689610251986
626 365 164.99936040874542
628 551 1087.077413198793
629 0 439.5899195858328
630 288 1328.7392038227697
631 475 227.49091978315633
632 791 186.38028553373007
633 4 177.95589628931404
634 638 34.099497364369526
635 0 987.6764210942196
637 537 0.0
638 475 80.28777905386407
639 533 0.4659231242054719
640 0 99.99121750601898
641 388 405.0471082975439
642 23 0.0
643 735 15.482611275487736
645 0 547.5906205497089
646 0 58.40927982618802
648 318 156.49766182419427
650 385 20.230739010019203
651 321 545.7966126556929
652 838 20.610319277682937
653 919 24.06518508847222
654 585 7.506403967712552
656 0 1203.8886164320652
657 47 362.04176939537524
658 494 32.130636333480574
659 839 1.107381578005418
660 808 1.8306557651810127
661 860 639.396897626392
662 987 256.01616593748446
663 211 698.2358664141976
664 800 5316.963044474531
665 102 1.6639919759019772
666 834 42.489693552220565
668 581 69.40305914872873
669 969 506.6901599793449
670 942 20.900762086228973
671 42 7.481707311152551
672 349 18.301873577337982
673 925 1644.070721849782
674 591 2.956364462064159
675 384 85.13597833990545
676 290 35.69920018846725
677 679 802.9655707740662
678 330 2988.626899928626
680 554 124.57565992164042
681 354 172.27176852398128
682 433 340.3278643513048
683 255 134.52313299543755
684 0 5.4736202014406015
686 337 1355.1282001255536
687 95 475.64379875296487
688 435 934.5569545175173
689 0 0.006717497264074224
690 0 50.243292925418004
691 613 878.9017935319769
692 572 6.602403409826607
693 208 434.85500748540426
694 0 179.61886773511384
695 500 153.20387216612303
696 764 101.52087119082472
697 642 186.07999709429092
698 0 6.402836357601429
699 641 56.73855478743404
700 130 0.48903935327941483
702 637 86.62916077882984
703 938 926.4102698376444
704 668 9.925086634555699
705 956 506.95130098898346
706 0 27.1826310260749
708 752 1282.9553095430545
709 407 27.787745191835143
710 936 20.913052598464272
711 115 9.338133854474576
712 257 310.36976727050717
713 0 2620.129193056788
714 727 7610.932252501667
715 30 83.59881081787576
716 365 10.283416568443018
717 994 48.85289385600314
718 712 28.563536931275465
719 0 487.5190941858403
720 0 2424.5654392849906
721 122 25.04834333375001
722 397 504.93081319450977
724 43 1384.4344223394555
725 0 506.38649652200553
726 235 235.2433960586104
727 299 25.44280889220653
728 124 28.87959141874077
729 625 0.532494573845941
730 0 224.77542559387263
731 583 516.1963847992798
732 510 344.6909982298797
733 350 3.075243133734607
735 641 47.6590775585805
737 635 96.27817342865731
738 500 16.40703177411723
739 754 3.6223574082285728
740 784 10.617924332948116
741 0 322.7154909408503
742 909 21.21594753369386
743 997 1734.0828398308986
745 98 555.6033841102802
746 920 535.9231057467031
747 16 178.64507717317306
749 863 26.77462480401734
750 646 2069.0285706821846
751 0 0.7076458170439132
752 535 110.14705421960434
753 855 5.982022044967192
755 214 22.177914198489866
757 0 208.4989821890433
758 670 2210.8132611793258
760 664 3128.1179314602496
761 122 0.0
762 432 3.794480185657042
765 955 334.799544273317
766 623 153.444199918807
767 333 223.2673012823471
768 516 120.41454755706872
769 977 186.70860958024028
770 288 3480.248879045583
771 215 508.5306859637289
772 0 26.554946785185937
773 542 20.7790615370795
774 830 218.31899802227022
775 628 75.37356924227085
776 616 29.6381935217553
777 77 1047.2679485884955
778 847 1890.8261858364294
779 0 1.0267331152771335
780 24 25.465228666679643
781 647 3499.4694034660943
782 896 173.0789419780629
783 725 114.14975411453435
784 544 145.02716568983627
785 725 1251.3598600300404
787 593 0.5961075908345762
788 855 273.7242109630908
789 686 387.980058058889
791 335 8.82586844194481
792 585 661.1104807513494
793 599 57.75004618094426
794 579 418.9454006586809
795 0 252.9926196927769
796 917 197.62872798850796
797 130 2837.4140980932357
798 380 18.617112283501992
799 272 448.6833730594034
800 0 1649.1463943560764
801 461 407.61996773317566
802 196 2084.7228281670978
803 47 1859.8284362836152
804 0 98.75380855797718
805 966 99.03565983704168
809 291 75.34090888288692
810 263 63.15342574887552
811 446 927.1596929399155
813 640 2342.450182224583
814 519 49.47200270963105
816 209 298.1047171459281
817 820 1025.4194507100183
818 972 2670.3206138939477
819 936 316.91004838787063
820 847 323.92848446668387
821 49 3.0180925377832324
822 0 3.0109789692485727
825 991 32.93752336120701
826 662 15.108989474361243
827 419 995.703355089267
828 525 152.33110723012885
829 622 51.64731663687481
830 703 133.7073654447664
831 953 370.4790324639186
832 135 86.97596771799182
833 166 2702.359504632901
834 0 10.330484577568498
835 526 674.0509898461125
836 772 4.127246100869239
837 620 349.9883952893196
838 0 3.42257283481086
839 0 715.4522684770078
840 713 3.7102955105090123
841 108 634.7562976198125
842 0 362.288616739159
843 740 25.632168639723638
844 0 292.004253262801
846 0 7.6559948919263565
847 0 0.41318766912921734
848 566 3.7246367666874134
849 17 37.57664108036196
850 596 380.15070938643686
851 36 26.12267799995715
852 0 116.33490796645029
853 859 814.1960545210553
854 360 154.56131973392903
855 0 146.30398658066784
856 0 0.7148123560368969
857 203 3.841869918663387
858 274 778.1872795835908
860 430 761.3118695456986
862 484 10.672936291910432
864 19 0.7148123560368969
865 471 68.01382301383838
866 113 7.526011899726973
868 728 4029.889247195134
869 0 35.898937844901944
870 0 1465.4013243322975
871 983 6.780538403228785
875 772 5009.47084157152
877 124 550.5387363543432
878 820 905.8632995565175
881 48 1757.2091788290204
882 789 20.846247177791575
884 208 65.67254681556257
885 110 0.5577443340953826
886 0 933.7182049664641
888 655 82.85690803910423
889 795 31.44216888300807
890 257 140.73329311458107
892 595 1.6109210222934438
893 491 68.57904315623736
896 919 107.53307557297947
897 615 12.238975496544308
898 211 472.065383888849
899 339 42.78890545607884
900 0 82.81343906183264
902 251 624.8083545495375
904 956 77.64691422199245
905 769 270.7244447911324
906 0 354.7000304418724
907 746 210.66870774953668
909 251 20.65018790354765
911 380 109.46773745889392
912 0 0.0
914 808 525.0572803817407
915 114 74.96113304769209
916 984 3.6154850402857264
917 622 412.76231233250036
918 701 699.1813597561986
919 817 4.820961289287639
920 587 403.66553694133887
921 115 3343.330719378866
922 776 958.0264033769208
923 904 1.2212483881393115
924 500 262.9026315682778
925 51 126.26596837938219
926 285 109.422960419742
927 51 0.0
928 843 303.9452481254016
929 275 4.673893290551725
931 112 10.288501034661746
932 0 71.89384034778723
934 717 99.46811312230895
935 622 33.51315300635029
937 0 352.93481053040074
938 969 182.4772464216231
940 524 22.51610385452043
941 49 909.5375194768881
942 169 123.36241567109971
944 709 14.065834542728448
945 0 616.7804727333314
947 609 11.748926701482567
948 0 1141.9891890150695
949 101 571.2093220920987
950 771 140.9137410439289
951 878 98.78474373824938
953 839 130.90826353993612
954 448 6.688904681830293
955 467 78.23865046606528
957 409 40.6127177385305
958 500 51.504164670738355
959 767 88.32021932543164
960 873 86.76238824249903
961 602 6.36992110172015
962 479 11.44317503584956
963 890 1306.2223038858262
964 358 3.7156241027896586
965 235 178.52614272645664
966 728 33.84265884475543
969 472 158.4853337764904
970 679 196.60894515859732
971 728 26.13812011548813
972 477 2528.2023519910394
973 585 291.29625596992815
974 999 329.0073225489101
975 770 46.15911239788126
976 777 479.75911050531835
977 442 334.7451408965351
978 815 1.6637012702523517
979 615 494.4361070480468
980 101 291.51571748134126
981 523 0.7159438651066194
982 348 51.20672562252959
983 345 624.033894208674
984 943 0.7014695941067485
985 0 1.6778873825554963
986 701 0.0
987 0 12.116311661417852
989 867 149.97602195041173
990 137 4.644903886246391
991 536 149.74910350476202
993 339 278.1993258346179
994 5 1518.5364547219324
995 224 116.04826540025921
996 186 30.673424294577732
997 0 166.27292431431596
998 967 68.27517300891985
999 588 14.184172193831854
