0 360 33.92531843205247
1 415 20.78731045759751
2 519 34.06978673380768
3 521 16.54571311535889
4 530 4.823785534209143
5 882 18.205763943320207
7 338 20.170418945225958
8 167 2.776585317137352
9 0 18.395959694387194
10 783 11.929940347058622
11 207 22.207118192901397
12 133 134.7812181308079
13 267 18.082803827409975
14 261 17.582532320325818
15 700 23.01980454172171
16 589 36.73598900476407
17 0 22.24504760417571
19 951 18.502668400808528
20 437 66.02140004935636
21 600 28.169101460389605
24 800 17.692919313004413
25 0 17.591829089158075
26 0 17.756590576045788
27 203 38.774560260584934
28 738 27.987368648203386
29 191 6.35410393233004
30 957 19.51928741724077
31 261 19.23179910786845
32 301 10.52438547011692
33 0 37.00547486765326
34 380 23.7944091566995
35 535 10.699441933200792
36 560 23.411721243534586
37 154 6.305953739547417
39 283 15.920237107336359
40 893 10.801035993980673
41 120 16.790528753621413
42 500 63.04781577234019
43 219 30.444461140670924
44 688 4.52506082141649
45 612 46.3332137355528
46 276 16.203854145425726
48 0 12.205376713577593
49 593 20.05478675918752
50 0 16.28514138456943
51 881 8.542097722861483
52 666 52.778749085925796
53 814 17.193649178646314
54 554 16.31234663082925
56 177 11.954846618821536
57 819 33.018183641539736
60 92 16.20960910301521
61 0 21.455289935338307
63 702 37.895209782490944
65 582 24.700909495659104
66 113 70.21455491254065
67 51 57.17534175731345
68 934 107.82012687919726
69 277 38.203986034110926
70 307 19.155596681967673
71 168 27.546893515211252
72 255 16.263906860429845
74 581 3.9247202770142127
75 924 4.263970503538503
76 737 17.646605309936373
77 98 16.22435309663
78 208 16.219961310134288
79 236 112.83367311686061
80 500 25.304173910217756
81 140 17.096738757261626
84 868 44.488618199351116
85 226 8.018749210782241
86 237 23.020941557177128
87 944 12.123125012774777
88 946 26.740522020273268
89 0 18.276782216395837
90 741 74.42524827623758
91 324 136.24701791852962
93 47 16.224525490534905
94 776 34.88861245469719
95 545 22.67337313950665
96 0 33.595376920993296
97 967 80.05828547370743
98 754 20.400343494044524
99 870 16.632665224287102
100 863 16.236114875789298
101 3 3.122736563697404
102 0 23.749343242561892
103 0 18.333395631082876
104 913 16.556643897166026
105 705 27.273187319463506
106 778 21.97609791562986
107 0 2.4999350251448083
108 0 19.0912848219372
109 418 26.308212013896473
111 418 16.63933742686199
112 866 41.01141767777652
114 454 24.066405064132717
115 869 36.86199946002121
117 466 17.671360820190284
118 0 20.707859456552658
119 800 16.442335046870415
120 315 25.88529247031081
121 145 27.70873089481709
122 443 58.133654842094785
123 274 23.752140039679094
124 335 9.817742599431062
125 455 16.91815717019519
127 663 35.683617474794964
128 29 20.098946902369654
129 977 18.875833900853962
130 119 16.51458027416394
131 399 17.80988859748463
132 260 19.919636432744774
133 212 47.10994460842113
134 540 20.475673698577463
135 439 38.325519638828226
136 89 21.58733667780296
137 182 11.639082731643038
138 154 38.671235361514285
139 658 87.51200766602946
140 966 17.347429101360298
141 942 3.4746444287403184
142 648 8.022170413696024
144 809 38.86825698530006
145 826 19.533137573482158
146 0 13.343925103286374
147 128 20.177837060892788
148 532 25.557943535099984
150 593 21.839988846926115
151 199 14.756257519559846
152 933 78.67492220508682
153 126 29.411288233010474
154 357 42.11329762738123
155 127 3.0299952428187655
156 404 17.375373167710503
157 299 35.59459172609387
158 116 28.60786815788147
160 644 1.0163410552969223
161 636 17.29227247572339
162 415 20.997723261276004
163 39 10.349959213648471
164 325 16.29701724674943
165 206 11.108383161074741
166 216 20.936780565298967
167 564 19.286784141417876
168 467 30.61428664797174
169 112 2.5702092381165165
170 732 54.10291404939328
171 0 18.111228111614526
172 516 62.07458491266255
174 870 27.552986876782732
175 712 18.474291117931998
177 558 2.3056202266940544
178 300 5.375924504248379
179 392 16.248466318767893
180 992 28.387313650861152
181 929 2.0599245793245733
182 0 18.114616527870613
183 843 21.253831006235806
184 94 26.900207328740414
186 637 20.592605210367758
187 318 71.8988996683239
188 619 28.670490869955806
189 750 12.725589728024476
191 511 16.616701454292727
192 431 5.864514385501164
193 839 16.32216580053776
194 569 25.180464233142555
196 318 16.472289615180546
197 593 12.405498125399943
198 125 11.45183406694176
200 450 78.8212763056414
201 328 34.23476494718343
202 862 12.604654664229571
203 739 53.82321870838339
204 870 20.686221288316858
205 596 19.019208979952055
206 0 18.372028112150957
207 32 14.241957853886028
209 384 22.975525809141264
210 232 16.368494699760593
212 627 41.636385293858794
213 162 16.707743900874945
214 652 18.91161272055071
215 726 19.80205118347868
216 294 32.11210709738289
217 392 18.62631296396956
218 0 24.310101495805327
220 30 75.45415976195484
221 57 36.35656552986923
222 155 25.338255198627667
223 942 17.02107063584359
225 927 22.93374826203741
226 0 37.64275044704203
228 723 28.904072376369797
230 342 9.05504277200702
231 0 16.38643006653373
232 484 17.207469961968233
233 518 2.3782541938147723
234 721 6.347305629669241
235 395 11.381307074845923
236 261 98.02821016118317
237 0 12.429112752277131
238 380 10.660618915811645
239 814 22.112529145441705
240 419 39.970978553627475
241 985 18.907512862334194
242 0 28.45135957335473
243 74 21.507026283694973
244 303 51.022802637444684
245 704 20.050679846668114
246 668 40.64826684952864
247 814 28.215512481043763
248 0 60.57470024972879
249 0 14.606233432750614
250 104 9.780707179661908
251 129 31.69075607976326
252 120 21.743943616104783
253 166 11.707001457384832
254 491 20.735598470996457
255 328 43.79298781726945
256 0 15.20865959677192
257 617 33.43475214692142
258 647 4.571369293486111
259 474 16.964687153638724
260 627 27.288548276179437
261 0 10.579488643867318
262 74 19.01354510313833
263 913 16.236830190815745
264 686 16.49122461366043
265 560 37.934045209208016
268 176 35.1538775922533
269 343 62.362707975233
271 207 44.665132458496785
274 494 16.21572016007621
275 0 33.72198249907292
276 266 0.2391200020265942
277 334 17.142476923833822
278 0 16.451687075632908
279 0 2.807670387265537
280 884 18.624060864861374
281 190 10.461023471232178
282 334 21.883209235830037
283 19 22.106391810984633
285 0 7.1625201399786995
287 0 8.120768205273658
288 954 17.751899789948418
289 63 29.93651413599833
290 0 16.41462336492004
291 867 13.142955798308698
292 740 94.89382502626668
293 0 8.120259456714859
294 376 51.06461504242145
295 478 23.297545887419936
296 811 21.467644342411152
297 575 56.7270752238105
298 766 2.5904196015968215
299 196 15.337491812597417
300 917 111.8783803064921
301 277 41.24374408273016
302 359 16.226433121487354
303 366 23.323502822956954
304 356 60.562610547180526
305 770 16.217835983566914
306 306 17.961342854673266
307 418 41.23769665768093
308 900 41.81937614478383
310 910 4.407743686468848
311 0 23.386622226161347
312 933 17.178949236836964
313 93 3.7145691707367936
314 0 18.980912942869864
315 230 11.288611359898331
316 789 16.217913003095976
317 0 20.075739514244145
318 0 7.058692852963208
319 227 35.064955417604814
320 584 18.448489651037338
321 498 15.315080882321883
322 918 17.366286220065717
323 870 18.59301821389637
324 511 28.021337680732746
325 915 16.73239220707597
326 47 11.358104352893095
327 749 16.239948686477938
328 877 1.0443269114280178
329 303 17.896774672376708
330 754 3.502776304348636
331 762 24.000086354209195
332 693 15.03189692541552
333 487 15.1925985351415
334 96 44.044448790225914
335 240 22.047428874867414
336 893 72.68563248778749
337 19 18.394611352814273
338 297 22.517805509870797
339 345 1.270122850059851
340 952 16.68535192809313
341 487 24.149868578096584
342 199 25.657892372870386
343 748 16.12539984876424
344 868 54.717631837235004
346 811 22.815993352783387
347 0 16.29708567195641
348 672 20.307381316240388
350 353 1.1558812656156352
351 599 18.4699370210154
352 230 21.435087244335683
353 984 21.36904144475809
354 756 31.939424765713763
355 0 19.06393269112273
356 274 16.616701454292727
357 0 18.573072069259158
358 325 16.33457914175172
359 95 62.474676006089325
360 656 4.459777782690097
361 334 19.253781628753433
362 233 16.30377294440287
363 0 23.118867860094507
364 75 17.41710893230842
365 265 23.4508810363755
366 0 19.59675687008211
367 678 41.13289741019704
368 297 54.089949722945576
370 23 12.548021695283108
371 843 13.019282025187014
373 400 24.603521633547174
374 652 37.0981289035834
375 718 16.488143283973397
376 680 35.86377966341009
377 694 62.263038409935334
378 829 16.726324076071656
379 0 16.552198829394428
380 661 3.3511451770924956
381 440 17.010474410917663
382 796 16.372061399657248
383 988 134.11210306337085
384 456 38.69301131202446
386 857 1.613838020667605
387 618 20.58090166731344
388 0 0.9006281595095316
389 112 19.35257143907587
390 874 17.586165681695878
391 0 5.133335185372819
392 139 6.4156705680979735
394 279 33.44856984827487
395 662 16.20045460723861
397 0 11.490650339985544
398 34 28.386002309984036
400 306 17.99319816352461
401 380 37.47552730041049
403 694 12.718113443495524
404 269 35.44273368105854
405 0 0.5293342906966658
406 0 44.205773948052176
407 569 10.900453440264362
408 460 7.96768794501893
409 904 18.41106858556893
410 0 94.86564945105009
412 672 28.672704829179917
413 0 0.42371398309555847
414 961 22.859091049253053
415 32 10.561463328811683
416 838 19.181977899140364
417 697 39.92143154125177
418 498 17.34437958378456
419 245 15.754983759282792
420 758 19.355126348118958
421 873 19.30385369037772
422 289 16.218482420818567
423 558 18.116286946393807
424 721 0.7050225452302643
425 238 17.96118964890276
426 723 17.79356918802311
427 879 123.39198179602906
429 953 43.06496677055362
430 0 6.332937827472773
431 661 13.269461923479295
432 436 16.718156325877175
433 432 16.75222841817712
434 487 34.85564155519245
435 851 18.42026283995965
436 658 16.486567765422084
438 0 94.85044941668222
439 32 6.962271515455569
440 821 37.98758861197204
442 255 20.62591836102344
443 79 35.71275478883429
444 223 16.33506018554958
445 528 20.315483945885795
446 436 26.455962730491258
447 756 16.440371836401454
448 386 32.23067463180322
449 659 53.18272186974678
450 186 8.167505691777775
453 363 15.818462653154238
454 885 0.06790460117688159
455 760 17.296502800653915
456 141 0.3725894818767952
457 588 32.75404867328496
458 975 21.935954938718304
459 253 8.365319351202377
460 818 19.939990449009766
461 0 6.70509267712055
462 895 29.03327125016113
463 853 16.26274481163368
464 635 3.673143248204146
465 545 11.71966710578765
466 0 17.044632140432544
467 752 88.69216362565085
468 0 10.443807761654883
469 249 18.481093943701275
470 859 10.525663573821848
471 0 30.498254639804678
472 195 17.498664061149327
474 310 10.308588750220661
475 694 34.552543573504806
476 566 18.03879729790291
477 262 16.201871247369727
478 496 18.317127316516235
479 616 16.77149156984209
480 0 28.751351849465735
481 906 29.257560524582637
482 201 4.689333310356621
483 129 12.893131586307131
484 534 16.521530602000418
485 327 10.532515617860767
487 666 18.851375278168298
488 948 19.64175432911727
489 926 16.57923940450368
490 510 8.383424269170595
491 475 18.132902765231727
493 160 17.281973521313645
494 362 16.213094352921413
495 619 32.77898988291743
497 192 16.69420855693336
498 239 16.2984628927097
500 500 11.960359191034472
501 766 25.36241993748346
502 559 26.82946232661381
503 221 12.638892116114139
504 598 17.10432605483457
505 997 108.70225411885603
506 208 62.96351368906884
507 426 14.149861072708648
508 761 30.412230533310186
509 250 17.947731095188367
511 414 62.90744109175036
512 864 17.84103246951616
513 396 9.124855779532883
514 143 20.44674941222415
515 0 48.1053417118997
516 48 16.483669643076343
518 686 16.20088245075677
519 303 16.21612520986129
520 722 32.923335810863826
521 753 19.799184153041146
522 776 36.294043006579486
523 0 82.98594752094861
524 881 77.93169305677927
525 685 7.519134946235682
526 133 15.170086592828365
527 582 18.99335038417957
528 129 32.1628948787297
531 302 19.853713766910516
533 287 56.16110605360124
534 441 28.268851235830297
535 0 0.7687271555794019
539 271 28.195548312046995
540 61 18.634373634184428
541 0 16.241388479752548
542 371 21.991673738676447
543 274 28.255691008310098
544 99 6.552790479522743
546 976 21.21995529045531
547 0 26.204391963079708
548 0 9.621013065874369
549 0 38.27804341703153
550 0 18.145213032740834
551 497 16.366795289459024
552 97 48.851723074350254
553 62 16.470214736581397
554 0 16.53217776838584
555 0 14.403431385472288
556 216 3.939911967595818
557 566 7.105011800253019
558 631 5.246271742109825
559 273 67.24119909423747
560 376 17.29414221230605
561 949 20.954188566832336
562 957 18.080280159201735
564 703 19.699379920822498
565 238 3.120979749866691
566 18 36.38522263902754
568 306 7.260505646193836
569 0 9.916733510606857
571 437 51.56584175945682
572 233 17.12498790683549
574 308 19.964876143441742
576 299 16.204223481591548
577 198 38.26980461184729
578 416 15.305611097003368
579 629 21.707554725810354
580 491 18.23666867184614
581 604 20.895995301078134
582 507 10.10567682783808
583 347 17.843049924279065
584 658 3.3916930712315017
585 0 0.5231396246342679
586 42 37.570686122488674
587 560 5.716644113104984
588 591 18.994237697313583
589 131 10.31574179322106
590 577 40.89337564278955
591 674 39.327921754077884
592 145 31.906837714727853
593 637 78.88693642920057
594 655 19.602361829147885
595 98 4.966552655594131
596 0 0.8090236906531447
597 50 81.76358877962258
598 328 29.522439907832712
599 676 25.30395854581644
600 555 16.774434460020498
602 496 13.224248963343067
603 579 143.38556901082043
604 0 4.085630087510998
605 388 7.348013259897629
607 0 7.312088873421126
608 0 0.2954138353649088
609 950 164.63398850909573
610 715 23.54085318247411
611 558 4.954822856505463
612 800 20.167403466329986
613 313 8.495386848510115
614 0 27.268251311791612
615 796 28.862556812281476
616 399 20.85281845790083
617 52 5.146562834530034
618 447 27.861852902148975
619 654 1.1793997472640858
620 706 9.184620911144993
621 819 19.03671242229242
622 300 13.733031646345559
623 607 43.76955110655705
624 409 2.3170564589757614
625 0 16.451723230336675
626 570 17.816724784381307
627 668 12.157176696406912
628 0 21.125600004475075
629 120 38.32376307942625
630 233 29.888242130735556
631 316 23.97656349345359
632 126 126.18935229705869
633 198 16.41148725342822
634 602 32.35127845311385
636 333 2.211786848200677
637 450 78.76027122855902
638 970 29.8215582936239
639 634 4.75353283633889
640 992 13.26743707978856
641 524 33.590682234649094
642 45 21.19312535490811
644 569 18.15181216358577
645 874 22.550819036722764
646 500 6.596444186469171
647 0 160.09193240211462
648 0 2.524664207833793
649 0 22.306384246222052
650 705 26.93516199199831
652 152 58.48996665373572
653 248 21.061309814536635
654 20 1.3039244190081107
655 845 1.191656519622273
656 542 28.26532311858925
657 251 7.779916480999789
658 854 12.036252577188316
659 422 11.791067793733678
660 0 4.717612760420783
661 872 120.25680517244604
662 0 18.532775992153304
663 455 32.73750962985439
664 178 16.911788666264247
665 501 83.00397933239162
666 444 16.579391986843703
669 117 27.148198532897787
670 442 15.796486350123752
671 215 17.317668629941846
672 855 22.790118522728292
673 599 16.68818350162986
675 648 16.69420855693336
676 867 2.8490512298407635
677 674 7.445907407241509
678 0 16.247086433914625
679 40 22.164043972057414
680 833 16.263300402378604
681 0 31.542253283858614
682 494 46.43650843504478
683 875 27.15686470683702
684 0 17.36448255674038
685 60 47.47538464959073
686 0 33.50733532673481
688 404 29.514630253590678
689 0 19.178936679251926
690 0 20.84866212967156
691 935 80.5943184971248
693 267 10.808121278496305
694 174 21.05094174620071
695 979 18.864221405907074
696 884 14.268768430629596
699 936 3.345439648525105
700 66 25.63512543625373
701 504 25.327598634145705
702 0 17.295335927305466
703 674 20.192101235796127
704 676 17.369162168421514
705 0 16.573153163648325
706 586 39.98649655824678
707 417 17.347976425548172
708 340 17.834375657931844
710 232 16.399982441466257
711 661 2.158408667823869
712 603 23.332052307059065
714 128 10.34810180487264
715 438 0.34286844706861785
716 201 22.002631825252294
717 484 7.68966724917053
719 698 4.32151462274373
720 704 22.18446517119676
721 36 16.22554703001268
722 622 16.279117773417447
723 684 0.976818159995078
724 688 1.1525746210977357
725 857 26.534936431991426
727 520 16.203586096383898
728 570 3.3278649965532625
729 0 26.955076309698942
730 827 17.54313793501257
731 515 17.62873188430654
732 727 41.990158484779876
733 988 105.69878060132034
734 703 0.04604783650055394
735 671 40.741565292838445
736 291 17.87908071903582
737 237 14.744145971312074
738 508 16.36871205321758
739 588 8.380927316252926
740 623 8.220176850030496
741 932 17.05509963156194
743 403 48.2575482720889
744 533 18.40222435226594
745 0 13.772233901607677
747 347 35.887544442274994
748 106 23.86110956815971
749 565 18.08027998891517
750 485 30.452182391713457
751 360 104.7463050025834
752 746 16.244742904512243
753 68 16.432614599484815
754 841 16.2029818006583
755 9 10.575125482547177
756 477 19.286784141417876
757 0 28.008871304697657
759 944 17.199154197722844
760 762 28.237717779164942
762 337 4.433877482966047
763 652 17.59554735644796
765 112 17.676530580268906
766 164 41.99717956676646
767 13 81.37046825039523
769 762 30.92017547013085
770 0 30.360261101340473
771 75 43.7078427131635
772 451 16.83684537173882
773 207 16.575785451084123
774 0 45.426345288890886
775 54 7.543523644934507
776 660 64.60919938991739
781 884 46.55248243515183
782 318 32.60345556461745
783 212 31.85740069847766
784 242 45.44490431212919
785 682 3.3871351316080363
786 36 1.479331143439056
787 0 6.8767636401684955
788 774 11.625460749139025
789 500 15.522774916781064
790 31 9.884544010330004
791 254 16.20071773737019
792 278 40.7367785404585
793 0 25.43224699455863
794 661 53.88711995694087
795 0 22.487206870727455
796 438 4.979500820703514
797 569 22.965159723483932
798 870 24.40239691868469
799 951 19.908767554605443
800 795 21.55985618206283
801 965 24.42694031068552
802 695 18.296186094719193
803 0 24.99380248055708
804 605 6.340323650795305
805 574 17.933078405356923
806 949 16.654333011522485
807 802 29.522439907832712
808 129 5.78766970673008
809 667 7.984085292336873
810 500 0.2103528763860823
811 98 35.27545847441759
812 0 16.78734704184356
813 60 9.304481705100352
814 0 1.225113312615585
815 628 33.96492503185564
816 0 17.45859928802691
817 676 34.04822040187527
818 755 60.5100926316445
819 290 33.36558101216735
820 498 17.5624617424165
821 40 20.936780565298967
822 2 3.5702591494364753
823 851 60.63619923174604
824 965 49.77944514666294
825 49 31.13214784062674
827 464 1.2310406394762132
828 416 52.344991128509164
829 882 16.46627732955554
830 924 32.2593479302417
831 162 23.344766007851927
832 719 18.371286750037072
833 902 0.9820351565689884
834 337 14.090348222289306
836 990 4.225797370218874
837 561 7.217000981841351
838 785 27.814233624368335
839 950 6.376728945197906
840 735 15.153736900194694
841 202 21.095713029787717
842 0 3.037869649019811
843 0 16.690744336840563
845 89 23.186559839698866
846 688 68.98435960263294
847 778 0.5407326818291115
848 0 11.055786377349591
849 0 13.690082345745042
850 482 2.545814178446336
851 104 20.980162361635138
852 372 30.540943817680834
853 46 28.2100968373966
854 676 6.8528833118806105
855 608 20.0866751759693
856 256 30.819483749326686
858 372 16.24938618952609
859 877 69.28099403777671
860 524 69.00864131942357
861 496 26.06831273189244
862 0 29.797951489276976
864 174 37.4306823123715
865 0 86.19977360360133
867 465 16.20753430158253
868 961 19.437905080800554
869 808 84.54301371762757
870 0 58.34857926414111
871 812 3.8500179070025258
874 101 18.685495463142917
875 342 31.184089137172545
876 200 55.26140000547387
878 483 78.94388275229223
879 0 6.509986016331954
880 30 19.639586137851094
881 191 52.67556442652158
882 86 68.65402946876175
883 422 20.249867003719515
884 0 17.186165598064154
885 464 20.45375394238963
887 362 16.809930279983035
888 203 7.468037157979088
889 869 8.554830033954062
890 930 32.13522432794411
893 0 64.65983208297322
894 584 21.451248102867652
895 777 31.918257554298144
896 0 47.21749917970027
898 569 37.418141675771594
900 46 7.662445078906802
901 275 35.150960242691816
902 0 23.4508810363755
903 0 15.833601488915683
904 986 16.07008763617872
905 226 20.04943926795143
907 0 14.262493672556912
908 254 88.41246533936152
910 946 23.879093108150276
911 617 23.678192251721633
912 569 38.13584873175834
913 862 21.485525195381193
914 932 16.90198694998762
916 278 18.131427120999028
917 579 19.05812035286165
918 160 23.85390438927974
919 501 17.06948341923036
920 760 0.9645435675756571
921 73 21.414973528308966
922 456 12.60707791717536
923 800 88.56617596830763
924 381 19.89552743894286
925 593 17.178949236836964
926 651 9.947482502238792
927 26 21.031246652233502
928 424 40.241895571187484
929 928 20.652320655776055
930 0 9.26200123144542
931 115 42.15103025500301
932 0 16.75714133600022
933 937 18.63149407854882
934 880 19.834981135357
935 669 18.205763943320207
936 0 20.654088392165047
937 450 13.81974279245166
938 509 74.5685489387945
939 0 2.2246839343230373
940 810 30.504602164394942
942 184 20.179181665212603
944 421 17.755459778098988
945 0 17.36979297617723
946 632 15.595644498682528
947 245 40.57776718334424
948 0 18.04226664559696
949 151 15.298049054944158
950 535 20.635049694462015
951 565 21.5591910289421
952 242 16.867149405049293
953 631 16.246033533101095
954 724 3.368394844681532
955 488 97.5522249615881
956 568 16.308180336523286
957 0 31.551603336919573
958 909 3.578696911078504
959 448 17.651843094740652
960 0 8.834511332645029
960 1 8.834511332645029
960 2 8.834511332645029
960 3 8.834511332645029
960 4 8.834511332645029
960 5 8.834511332645029
960 6 8.834511332645029
960 7 8.834511332645029
960 8 8.834511332645029
960 9 8.834511332645029
960 10 8.834511332645029
960 11 8.834511332645029
960 12 8.834511332645029
960 13 8.834511332645029
960 14 8.834511332645029
960 15 8.834511332645029
960 16 8.834511332645029
960 17 8.834511332645029
960 18 8.834511332645029
960 19 8.834511332645029
960 20 8.834511332645029
960 21 8.834511332645029
960 22 8.834511332645029
960 23 8.834511332645029
960 24 8.834511332645029
960 25 8.834511332645029
960 26 8.834511332645029
960 27 8.834511332645029
960 28 8.834511332645029
960 29 8.834511332645029
960 30 8.834511332645029
960 31 8.834511332645029
960 32 8.834511332645029
960 33 8.834511332645029
960 34 8.834511332645029
960 35 8.834511332645029
960 36 8.834511332645029
960 37 8.834511332645029
960 38 8.834511332645029
960 39 8.834511332645029
960 40 8.834511332645029
960 41 8.834511332645029
960 42 8.834511332645029
960 43 8.834511332645029
960 44 8.834511332645029
960 45 8.834511332645029
960 46 8.834511332645029
960 47 8.834511332645029
960 48 8.834511332645029
960 49 8.834511332645029
960 50 8.834511332645029
960 51 8.834511332645029
960 52 8.834511332645029
960 53 8.834511332645029
960 54 8.834511332645029
960 55 8.834511332645029
960 56 8.834511332645029
960 57 8.834511332645029
960 58 8.834511332645029
960 59 8.834511332645029
960 60 8.834511332645029
960 61 8.834511332645029
960 62 8.834511332645029
960 63 8.834511332645029
960 64 8.834511332645029
960 65 8.834511332645029
960 66 8.834511332645029
960 67 8.834511332645029
960 68 8.834511332645029
960 69 8.834511332645029
960 70 8.834511332645029
960 71 8.834511332645029
960 72 8.834511332645029
960 73 8.834511332645029
960 74 8.834511332645029
960 75 8.834511332645029
960 76 8.834511332645029
960 77 8.834511332645029
960 78 8.834511332645029
960 79 8.834511332645029
960 80 8.834511332645029
960 81 8.834511332645029
960 82 8.834511332645029
960 83 8.834511332645029
960 84 8.834511332645029
960 85 8.834511332645029
960 86 8.834511332645029
960 87 8.834511332645029
960 88 8.834511332645029
960 89 8.834511332645029
960 90 8.834511332645029
960 91 8.834511332645029
960 92 8.834511332645029
960 93 8.834511332645029
960 94 8.834511332645029
960 95 8.834511332645029
960 96 8.834511332645029
960 97 8.834511332645029
960 98 8.834511332645029
960 99 8.834511332645029
960 100 8.834511332645029
960 101 8.834511332645029
960 102 8.834511332645029
960 103 8.834511332645029
960 104 8.834511332645029
960 105 8.834511332645029
960 106 8.834511332645029
960 107 8.834511332645029
960 108 8.834511332645029
960 109 8.834511332645029
960 110 8.834511332645029
960 111 8.834511332645029
960 112 8.834511332645029
960 113 8.834511332645029
960 114 8.834511332645029
960 115 8.834511332645029
960 116 8.834511332645029
960 117 8.834511332645029
960 118 8.834511332645029
960 119 8.834511332645029
960 120 8.834511332645029
960 121 8.834511332645029
960 122 8.834511332645029
960 123 8.834511332645029
960 124 8.834511332645029
960 125 8.834511332645029
960 126 8.834511332645029
960 127 8.834511332645029
960 128 8.834511332645029
960 129 8.834511332645029
960 130 8.834511332645029
960 131 8.834511332645029
960 132 8.834511332645029
960 133 8.834511332645029
960 134 8.834511332645029
960 135 8.834511332645029
960 136 8.834511332645029
960 137 8.834511332645029
960 138 8.834511332645029
960 139 8.834511332645029
960 140 8.834511332645029
960 141 8.834511332645029
960 142 8.834511332645029
960 143 8.834511332645029
960 144 8.834511332645029
960 145 8.834511332645029
960 146 8.834511332645029
960 147 8.834511332645029
960 148 8.834511332645029
960 149 8.834511332645029
960 150 8.834511332645029
960 151 8.834511332645029
960 152 8.834511332645029
960 153 8.834511332645029
960 154 8.834511332645029
960 155 8.834511332645029
960 156 8.834511332645029
960 157 8.834511332645029
960 158 8.834511332645029
960 159 8.834511332645029
960 160 8.834511332645029
960 161 8.834511332645029
960 162 8.834511332645029
960 163 8.834511332645029
960 164 8.834511332645029
960 165 8.834511332645029
960 166 8.834511332645029
960 167 8.834511332645029
960 168 8.834511332645029
960 169 8.834511332645029
960 170 8.834511332645029
960 171 8.834511332645029
960 172 8.834511332645029
960 173 8.834511332645029
960 174 8.834511332645029
960 175 8.834511332645029
960 176 8.834511332645029
960 177 8.834511332645029
960 178 8.834511332645029
960 179 8.834511332645029
960 180 8.834511332645029
960 181 8.834511332645029
960 182 8.834511332645029
960 183 8.834511332645029
960 184 8.834511332645029
960 185 8.834511332645029
960 186 8.834511332645029
960 187 8.834511332645029
960 188 8.834511332645029
960 189 8.834511332645029
960 190 8.834511332645029
960 191 8.834511332645029
960 192 8.834511332645029
960 193 8.834511332645029
960 194 8.834511332645029
960 195 8.834511332645029
960 196 8.834511332645029
960 197 8.834511332645029
960 198 8.834511332645029
960 199 8.834511332645029
960 200 8.834511332645029
960 201 8.834511332645029
960 202 8.834511332645029
960 203 8.834511332645029
960 204 8.834511332645029
960 205 8.834511332645029
960 206 8.834511332645029
960 207 8.834511332645029
960 208 8.834511332645029
960 209 8.834511332645029
960 210 8.834511332645029
960 211 8.834511332645029
960 212 8.834511332645029
960 213 8.834511332645029
960 214 8.834511332645029
960 215 8.834511332645029
960 216 8.834511332645029
960 217 8.834511332645029
960 218 8.834511332645029
960 219 8.834511332645029
960 220 8.834511332645029
960 221 8.834511332645029
960 222 8.834511332645029
960 223 8.834511332645029
960 224 8.834511332645029
960 225 8.834511332645029
960 226 8.834511332645029
960 227 8.834511332645029
960 228 8.834511332645029
960 229 8.834511332645029
960 230 8.834511332645029
960 231 8.834511332645029
960 232 8.834511332645029
960 233 8.834511332645029
960 234 8.834511332645029
960 235 8.834511332645029
960 236 8.834511332645029
960 237 8.834511332645029
960 238 8.834511332645029
960 239 8.834511332645029
960 240 8.834511332645029
960 241 8.834511332645029
960 242 8.834511332645029
960 243 8.834511332645029
960 244 8.834511332645029
960 245 8.834511332645029
960 246 8.834511332645029
960 247 8.834511332645029
960 248 8.834511332645029
960 249 8.834511332645029
960 250 8.834511332645029
960 251 8.834511332645029
960 252 8.834511332645029
960 253 8.834511332645029
960 254 8.834511332645029
960 255 8.834511332645029
960 256 8.834511332645029
960 257 8.834511332645029
960 258 8.834511332645029
960 259 8.834511332645029
960 260 8.834511332645029
960 261 8.834511332645029
960 262 8.834511332645029
960 263 8.834511332645029
960 264 8.834511332645029
960 265 8.834511332645029
960 266 8.834511332645029
960 267 8.834511332645029
960 268 8.834511332645029
960 269 8.834511332645029
960 270 8.834511332645029
960 271 8.834511332645029
960 272 8.834511332645029
960 273 8.834511332645029
960 274 8.834511332645029
960 275 8.834511332645029
960 276 8.834511332645029
960 277 8.834511332645029
960 278 8.834511332645029
960 279 8.834511332645029
960 280 8.834511332645029
960 281 8.834511332645029
960 282 8.834511332645029
960 283 8.834511332645029
960 284 8.834511332645029
960 285 8.834511332645029
960 286 8.834511332645029
960 287 8.834511332645029
960 288 8.834511332645029
960 289 8.834511332645029
960 290 8.834511332645029
960 291 8.834511332645029
960 292 8.834511332645029
960 293 8.834511332645029
960 294 8.834511332645029
960 295 8.834511332645029
960 296 8.834511332645029
960 297 8.834511332645029
960 298 8.834511332645029
960 299 8.834511332645029
960 300 8.834511332645029
960 301 8.834511332645029
960 302 8.834511332645029
960 303 8.834511332645029
960 304 8.834511332645029
960 305 8.834511332645029
960 306 8.834511332645029
960 307 8.834511332645029
960 308 8.834511332645029
960 309 8.834511332645029
960 310 8.834511332645029
960 311 8.834511332645029
960 312 8.834511332645029
960 313 8.834511332645029
960 314 8.834511332645029
960 315 8.834511332645029
960 316 8.834511332645029
960 317 8.834511332645029
960 318 8.834511332645029
960 319 8.834511332645029
960 320 8.834511332645029
960 321 8.834511332645029
960 322 8.834511332645029
960 323 8.834511332645029
960 324 8.834511332645029
960 325 8.834511332645029
960 326 8.834511332645029
960 327 8.834511332645029
960 328 8.834511332645029
960 329 8.834511332645029
960 330 8.834511332645029
960 331 8.834511332645029
960 332 8.834511332645029
960 333 8.834511332645029
960 334 8.834511332645029
960 335 8.834511332645029
960 336 8.834511332645029
960 337 8.834511332645029
960 338 8.834511332645029
960 339 8.834511332645029
960 340 8.834511332645029
960 341 8.834511332645029
960 342 8.834511332645029
960 343 8.834511332645029
960 344 8.834511332645029
960 345 8.834511332645029
960 346 8.834511332645029
960 347 8.834511332645029
960 348 8.834511332645029
960 349 8.834511332645029
960 350 8.834511332645029
960 351 8.834511332645029
960 352 8.834511332645029
960 353 8.834511332645029
960 354 8.834511332645029
960 355 8.834511332645029
960 356 8.834511332645029
960 357 8.834511332645029
960 358 8.834511332645029
960 359 8.834511332645029
960 360 8.834511332645029
960 361 8.834511332645029
960 362 8.834511332645029
960 363 8.834511332645029
960 364 8.834511332645029
960 365 8.834511332645029
960 366 8.834511332645029
960 367 8.834511332645029
960 368 8.834511332645029
960 369 8.834511332645029
960 370 8.834511332645029
960 371 8.834511332645029
960 372 8.834511332645029
960 373 8.834511332645029
960 374 8.834511332645029
960 375 8.834511332645029
960 376 8.834511332645029
960 377 8.834511332645029
960 378 8.834511332645029
960 379 8.834511332645029
960 380 8.834511332645029
960 381 8.834511332645029
960 382 8.834511332645029
960 383 8.834511332645029
960 384 8.834511332645029
960 385 8.834511332645029
960 386 8.834511332645029
960 387 8.834511332645029
960 388 8.834511332645029
960 389 8.834511332645029
960 390 8.834511332645029
960 391 8.834511332645029
960 392 8.834511332645029
960 393 8.834511332645029
960 394 8.834511332645029
960 395 8.834511332645029
960 396 8.834511332645029
960 397 8.834511332645029
960 398 8.834511332645029
960 399 8.834511332645029
960 400 8.834511332645029
960 401 8.834511332645029
960 402 8.834511332645029
960 403 8.834511332645029
960 404 8.834511332645029
960 405 8.834511332645029
960 406 8.834511332645029
960 407 8.834511332645029
960 408 8.834511332645029
960 409 8.834511332645029
960 410 8.834511332645029
960 411 8.834511332645029
960 412 8.834511332645029
960 413 8.834511332645029
960 414 8.834511332645029
960 415 8.834511332645029
960 416 8.834511332645029
960 417 8.834511332645029
960 418 8.834511332645029
960 419 8.834511332645029
960 420 8.834511332645029
960 421 8.834511332645029
960 422 8.834511332645029
960 423 8.834511332645029
960 424 8.834511332645029
960 425 8.834511332645029
960 426 8.834511332645029
960 427 8.834511332645029
960 428 8.834511332645029
960 429 8.834511332645029
960 430 8.834511332645029
960 431 8.834511332645029
960 432 8.834511332645029
960 433 8.834511332645029
960 434 8.834511332645029
960 435 8.834511332645029
960 436 8.834511332645029
960 437 8.834511332645029
960 438 8.834511332645029
960 439 8.834511332645029
960 440 8.834511332645029
960 441 8.834511332645029
960 442 8.834511332645029
960 443 8.834511332645029
960 444 8.834511332645029
960 445 8.834511332645029
960 446 8.834511332645029
960 447 8.834511332645029
960 448 8.834511332645029
960 449 8.834511332645029
960 450 8.834511332645029
960 451 8.834511332645029
960 452 8.834511332645029
960 453 8.834511332645029
960 454 8.834511332645029
960 455 8.834511332645029
960 456 8.834511332645029
960 457 8.834511332645029
960 458 8.834511332645029
960 459 8.834511332645029
960 460 8.834511332645029
960 461 8.834511332645029
960 462 8.834511332645029
960 463 8.834511332645029
960 464 8.834511332645029
960 465 8.834511332645029
960 466 8.834511332645029
960 467 8.834511332645029
960 468 8.834511332645029
960 469 8.834511332645029
960 470 8.834511332645029
960 471 8.834511332645029
960 472 8.834511332645029
960 473 8.834511332645029
960 474 8.834511332645029
960 475 8.834511332645029
960 476 8.834511332645029
960 477 8.834511332645029
960 478 8.834511332645029
960 479 8.834511332645029
960 480 8.834511332645029
960 481 8.834511332645029
960 482 8.834511332645029
960 483 8.834511332645029
960 484 8.834511332645029
960 485 8.834511332645029
960 486 8.834511332645029
960 487 8.834511332645029
960 488 8.834511332645029
960 489 8.834511332645029
960 490 8.834511332645029
960 491 8.834511332645029
960 492 8.834511332645029
960 493 8.834511332645029
960 494 8.834511332645029
960 495 8.834511332645029
960 496 8.834511332645029
960 497 8.834511332645029
960 498 8.834511332645029
960 499 8.834511332645029
960 500 8.834511332645029
960 501 8.834511332645029
960 502 8.834511332645029
960 503 8.834511332645029
960 504 8.834511332645029
960 505 8.834511332645029
960 506 8.834511332645029
960 507 8.834511332645029
960 508 8.834511332645029
960 509 8.834511332645029
960 510 8.834511332645029
960 511 8.834511332645029
960 512 8.834511332645029
960 513 8.834511332645029
960 514 8.834511332645029
960 515 8.834511332645029
960 516 8.834511332645029
960 517 8.834511332645029
960 518 8.834511332645029
960 519 8.834511332645029
960 520 8.834511332645029
960 521 8.834511332645029
960 522 8.834511332645029
960 523 8.834511332645029
960 524 8.834511332645029
960 525 8.834511332645029
960 526 8.834511332645029
960 527 8.834511332645029
960 528 8.834511332645029
960 529 8.834511332645029
960 530 8.834511332645029
960 531 8.834511332645029
960 532 8.834511332645029
960 533 8.834511332645029
960 534 8.834511332645029
960 535 8.834511332645029
960 536 8.834511332645029
960 537 8.834511332645029
960 538 8.834511332645029
960 539 8.834511332645029
960 540 8.834511332645029
960 541 8.834511332645029
960 542 8.834511332645029
960 543 8.834511332645029
960 544 8.834511332645029
960 545 8.834511332645029
960 546 8.834511332645029
960 547 8.834511332645029
960 548 8.834511332645029
960 549 8.834511332645029
960 550 8.834511332645029
960 551 8.834511332645029
960 552 8.834511332645029
960 553 8.834511332645029
960 554 8.834511332645029
960 555 8.834511332645029
960 556 8.834511332645029
960 557 8.834511332645029
960 558 8.834511332645029
960 559 8.834511332645029
960 560 8.834511332645029
960 561 8.834511332645029
960 562 8.834511332645029
960 563 8.834511332645029
960 564 8.834511332645029
960 565 8.834511332645029
960 566 8.834511332645029
960 567 8.834511332645029
960 568 8.834511332645029
960 569 8.834511332645029
960 570 8.834511332645029
960 571 8.834511332645029
960 572 8.834511332645029
960 573 8.834511332645029
960 574 8.834511332645029
960 575 8.834511332645029
960 576 8.834511332645029
960 577 8.834511332645029
960 578 8.834511332645029
960 579 8.834511332645029
960 580 8.834511332645029
960 581 8.834511332645029
960 582 8.834511332645029
960 583 8.834511332645029
960 584 8.834511332645029
960 585 8.834511332645029
960 586 8.834511332645029
960 587 8.834511332645029
960 588 8.834511332645029
960 589 8.834511332645029
960 590 8.834511332645029
960 591 8.834511332645029
960 592 8.834511332645029
960 593 8.834511332645029
960 594 8.834511332645029
960 595 8.834511332645029
960 596 8.834511332645029
960 597 8.834511332645029
960 598 8.834511332645029
960 599 8.834511332645029
960 600 8.834511332645029
960 601 8.834511332645029
960 602 8.834511332645029
960 603 8.834511332645029
960 604 8.834511332645029
960 605 8.834511332645029
960 606 8.834511332645029
960 607 8.834511332645029
960 608 8.834511332645029
960 609 8.834511332645029
960 610 8.834511332645029
960 611 8.834511332645029
960 612 8.834511332645029
960 613 8.834511332645029
960 614 8.834511332645029
960 615 8.834511332645029
960 616 8.834511332645029
960 617 8.834511332645029
960 618 8.834511332645029
960 619 8.834511332645029
960 620 8.834511332645029
960 621 8.834511332645029
960 622 8.834511332645029
960 623 8.834511332645029
960 624 8.834511332645029
960 625 8.834511332645029
960 626 8.834511332645029
960 627 8.834511332645029
960 628 8.834511332645029
960 629 8.834511332645029
960 630 8.834511332645029
960 631 8.834511332645029
960 632 8.834511332645029
960 633 8.834511332645029
960 634 8.834511332645029
960 635 8.834511332645029
960 636 8.834511332645029
960 637 8.834511332645029
960 638 8.834511332645029
960 639 8.834511332645029
960 640 8.834511332645029
960 641 8.834511332645029
960 642 8.834511332645029
960 643 8.834511332645029
960 644 8.834511332645029
960 645 8.834511332645029
960 646 8.834511332645029
960 647 8.834511332645029
960 648 8.834511332645029
960 649 8.834511332645029
960 650 8.834511332645029
960 651 8.834511332645029
960 652 8.834511332645029
960 653 8.834511332645029
960 654 8.834511332645029
960 655 8.834511332645029
960 656 8.834511332645029
960 657 8.834511332645029
960 658 8.834511332645029
960 659 8.834511332645029
960 660 8.834511332645029
960 661 8.834511332645029
960 662 8.834511332645029
960 663 8.834511332645029
960 664 8.834511332645029
960 665 8.834511332645029
960 666 8.834511332645029
960 667 8.834511332645029
960 668 8.834511332645029
960 669 8.834511332645029
960 670 8.834511332645029
960 671 8.834511332645029
960 672 8.834511332645029
960 673 8.834511332645029
960 674 8.834511332645029
960 675 8.834511332645029
960 676 8.834511332645029
960 677 8.834511332645029
960 678 8.834511332645029
960 679 8.834511332645029
960 680 8.834511332645029
960 681 8.834511332645029
960 682 8.834511332645029
960 683 8.834511332645029
960 684 8.834511332645029
960 685 8.834511332645029
960 686 8.834511332645029
960 687 8.834511332645029
960 688 8.834511332645029
960 689 8.834511332645029
960 690 8.834511332645029
960 691 8.834511332645029
960 692 8.834511332645029
960 693 8.834511332645029
960 694 8.834511332645029
960 695 8.834511332645029
960 696 8.834511332645029
960 697 8.834511332645029
960 698 8.834511332645029
960 699 8.834511332645029
960 700 8.834511332645029
960 701 8.834511332645029
960 702 8.834511332645029
960 703 8.834511332645029
960 704 8.834511332645029
960 705 8.834511332645029
960 706 8.834511332645029
960 707 8.834511332645029
960 708 8.834511332645029
960 709 8.834511332645029
960 710 8.834511332645029
960 711 8.834511332645029
960 712 8.834511332645029
960 713 8.834511332645029
960 714 8.834511332645029
960 715 8.834511332645029
960 716 8.834511332645029
960 717 8.834511332645029
960 718 8.834511332645029
960 719 8.834511332645029
960 720 8.834511332645029
960 721 8.834511332645029
960 722 8.834511332645029
960 723 8.834511332645029
960 724 8.834511332645029
960 725 8.834511332645029
960 726 8.834511332645029
960 727 8.834511332645029
960 728 8.834511332645029
960 729 8.834511332645029
960 730 8.834511332645029
960 731 8.834511332645029
960 732 8.834511332645029
960 733 8.834511332645029
960 734 8.834511332645029
960 735 8.834511332645029
960 736 8.834511332645029
960 737 8.834511332645029
960 738 8.834511332645029
960 739 8.834511332645029
960 740 8.834511332645029
960 741 8.834511332645029
960 742 8.834511332645029
960 743 8.834511332645029
960 744 8.834511332645029
960 745 8.834511332645029
960 746 8.834511332645029
960 747 8.834511332645029
960 748 8.834511332645029
960 749 8.834511332645029
960 750 8.834511332645029
960 751 8.834511332645029
960 752 8.834511332645029
960 753 8.834511332645029
960 754 8.834511332645029
960 755 8.834511332645029
960 756 8.834511332645029
960 757 8.834511332645029
960 758 8.834511332645029
960 759 8.834511332645029
960 760 8.834511332645029
960 761 8.834511332645029
960 762 8.834511332645029
960 763 8.834511332645029
960 764 8.834511332645029
960 765 8.834511332645029
960 766 8.834511332645029
960 767 8.834511332645029
960 768 8.834511332645029
960 769 8.834511332645029
960 770 8.834511332645029
960 771 8.834511332645029
960 772 8.834511332645029
960 773 8.834511332645029
960 774 8.834511332645029
960 775 8.834511332645029
960 776 8.834511332645029
960 777 8.834511332645029
960 778 8.834511332645029
960 779 8.834511332645029
960 780 8.834511332645029
960 781 8.834511332645029
960 782 8.834511332645029
960 783 8.834511332645029
960 784 8.834511332645029
960 785 8.834511332645029
960 786 8.834511332645029
960 787 8.834511332645029
960 788 8.834511332645029
960 789 8.834511332645029
960 790 8.834511332645029
960 791 8.834511332645029
960 792 8.834511332645029
960 793 8.834511332645029
960 794 8.834511332645029
960 795 8.834511332645029
960 796 8.834511332645029
960 797 8.834511332645029
960 798 8.834511332645029
960 799 8.834511332645029
960 800 8.834511332645029
960 801 8.834511332645029
960 802 8.834511332645029
960 803 8.834511332645029
960 804 8.834511332645029
960 805 8.834511332645029
960 806 8.834511332645029
960 807 8.834511332645029
960 808 8.834511332645029
960 809 8.834511332645029
960 810 8.834511332645029
960 811 8.834511332645029
960 812 8.834511332645029
960 813 8.834511332645029
960 814 8.834511332645029
960 815 8.834511332645029
960 816 8.834511332645029
960 817 8.834511332645029
960 818 8.834511332645029
960 819 8.834511332645029
960 820 8.834511332645029
960 821 8.834511332645029
960 822 8.834511332645029
960 823 8.834511332645029
960 824 8.834511332645029
960 825 8.834511332645029
960 826 8.834511332645029
960 827 8.834511332645029
960 828 8.834511332645029
960 829 8.834511332645029
960 830 8.834511332645029
960 831 8.834511332645029
960 832 8.834511332645029
960 833 8.834511332645029
960 834 8.834511332645029
960 835 8.834511332645029
960 836 8.834511332645029
960 837 8.834511332645029
960 838 8.834511332645029
960 839 8.834511332645029
960 840 8.834511332645029
960 841 8.834511332645029
960 842 8.834511332645029
960 843 8.834511332645029
960 844 8.834511332645029
960 845 8.834511332645029
960 846 8.834511332645029
960 847 8.834511332645029
960 848 8.834511332645029
960 849 8.834511332645029
960 850 8.834511332645029
960 851 8.834511332645029
960 852 8.834511332645029
960 853 8.834511332645029
960 854 8.834511332645029
960 855 8.834511332645029
960 856 8.834511332645029
960 857 8.834511332645029
960 858 8.834511332645029
960 859 8.834511332645029
960 860 8.834511332645029
960 861 8.834511332645029
960 862 8.834511332645029
960 863 8.834511332645029
960 864 8.834511332645029
960 865 8.834511332645029
960 866 8.834511332645029
960 867 8.834511332645029
960 868 8.834511332645029
960 869 8.834511332645029
960 870 8.834511332645029
960 871 8.834511332645029
960 872 8.834511332645029
960 873 8.834511332645029
960 874 8.834511332645029
960 875 8.834511332645029
960 876 8.834511332645029
960 877 8.834511332645029
960 878 8.834511332645029
960 879 8.834511332645029
960 880 8.834511332645029
960 881 8.834511332645029
960 882 8.834511332645029
960 883 8.834511332645029
960 884 8.834511332645029
960 885 8.834511332645029
960 886 8.834511332645029
960 887 8.834511332645029
960 888 8.834511332645029
960 889 8.834511332645029
960 890 8.834511332645029
960 891 8.834511332645029
960 892 8.834511332645029
960 893 8.834511332645029
960 894 8.834511332645029
960 895 8.834511332645029
960 896 8.834511332645029
960 897 8.834511332645029
960 898 8.834511332645029
960 899 8.834511332645029
960 900 8.834511332645029
960 901 8.834511332645029
960 902 8.834511332645029
960 903 8.834511332645029
960 904 8.834511332645029
960 905 8.834511332645029
960 906 8.834511332645029
960 907 8.834511332645029
960 908 8.834511332645029
960 909 8.834511332645029
960 910 8.834511332645029
960 911 8.834511332645029
960 912 8.834511332645029
960 913 8.834511332645029
960 914 8.834511332645029
960 915 8.834511332645029
960 916 8.834511332645029
960 917 8.834511332645029
960 918 8.834511332645029
960 919 8.834511332645029
960 920 8.834511332645029
960 921 8.834511332645029
960 922 8.834511332645029
960 923 8.834511332645029
960 924 8.834511332645029
960 925 8.834511332645029
960 926 8.834511332645029
960 927 8.834511332645029
960 928 8.834511332645029
960 929 8.834511332645029
960 930 8.834511332645029
960 931 8.834511332645029
960 932 8.834511332645029
960 933 8.834511332645029
960 934 8.834511332645029
960 935 8.834511332645029
960 936 8.834511332645029
960 937 8.834511332645029
960 938 8.834511332645029
960 939 8.834511332645029
960 940 8.834511332645029
960 941 8.834511332645029
960 942 8.834511332645029
960 943 8.834511332645029
960 944 8.834511332645029
960 945 8.834511332645029
960 946 8.834511332645029
960 947 8.834511332645029
960 948 8.834511332645029
960 949 8.834511332645029
960 950 8.834511332645029
960 951 8.834511332645029
960 952 8.834511332645029
960 953 8.834511332645029
960 954 8.834511332645029
960 955 8.834511332645029
960 956 8.834511332645029
960 957 8.834511332645029
960 958 8.834511332645029
960 959 8.834511332645029
960 960 8.834511332645029
960 961 8.834511332645029
960 962 8.834511332645029
960 963 8.834511332645029
960 964 8.834511332645029
960 965 8.834511332645029
960 966 8.834511332645029
960 967 8.834511332645029
960 968 8.834511332645029
960 969 8.834511332645029
960 970 8.834511332645029
960 971 8.834511332645029
960 972 8.834511332645029
960 973 8.834511332645029
960 974 8.834511332645029
960 975 8.834511332645029
960 976 8.834511332645029
960 977 8.834511332645029
960 978 8.834511332645029
960 979 8.834511332645029
960 980 8.834511332645029
960 981 8.834511332645029
960 982 8.834511332645029
960 983 8.834511332645029
960 984 8.834511332645029
960 985 8.834511332645029
960 986 8.834511332645029
960 987 8.834511332645029
960 988 8.834511332645029
960 989 8.834511332645029
960 990 8.834511332645029
960 991 8.834511332645029
960 992 8.834511332645029
960 993 8.834511332645029
960 994 8.834511332645029
960 995 8.834511332645029
960 996 8.834511332645029
960 997 8.834511332645029
960 998 8.834511332645029
960 999 8.834511332645029
961 940 17.97277890199072
962 102 17.812786478061035
963 330 61.91014123102862
964 590 6.282017923957845
965 805 16.748884576602222
966 311 16.20436863963608
967 680 16.201500765916855
968 389 16.69867001180415
969 564 21.949715143109763
970 634 17.29249124324462
971 755 31.555393506578735
972 821 16.217535061653102
973 291 24.949021083051406
974 278 16.25521935446224
975 16 15.268350193055651
976 513 11.460540852504677
977 535 28.74127317319367
979 0 2.8888410823003214
980 465 22.433973864868374
981 802 17.767428421513408
983 167 5.554187051113583
984 332 32.31358844178527
985 417 64.37566703999254
986 685 69.28410734674824
987 850 61.94089989984272
988 816 77.59767192138361
989 550 36.48655625428519
990 821 15.73704437522114
991 371 16.235221255383713
992 778 23.293471820462358
993 341 29.047815268083077
994 7 48.45165395119157
995 68 163.60054916299214
996 520 21.10051470024433
997 677 7.79597384940456
998 66 24.637951959690557
999 566 16.343138045355467
