0 16 -0.5773440830022132
1 8 -0.9039201738521739
2 753 -0.8135393835163441
3 0 -0.6683850116319818
4 52 -0.6291324713999379
5 373 -0.4537170991840208
6 849 -0.6170416532991968
7 174 -0.561466452645687
8 277 -0.5952102085290135
9 275 -0.8823313642008519
10 0 -0.8629760624155026
11 0 -0.471315857152517
12 0 -0.9309642218663873
13 0 -0.9354024696312759
14 0 -0.5889420288421637
16 316 -0.6499874684029275
18 386 -0.35870766905394125
19 539 -0.37284564956609123
20 442 -1.0
21 401 -0.6200158148196572
22 415 -0.2588748573817422
23 0 -0.551820851392119
24 380 -0.4622639497569337
25 653 -0.2885967874517508
26 925 -0.7377439554673327
27 0 -0.365823194335934
28 603 -0.7019225851308302
29 335 -0.5863214139360834
30 47 -0.9279557130430872
31 0 -0.8958848920941686
32 791 -0.9362325992750559
33 814 -0.8525665228791212
34 455 -0.8708956011359166
35 162 -0.9025453806680573
36 789 -0.5496053384503817
37 0 -0.8345914550388063
38 436 -0.811234818072014
39 466 -0.7481432045828833
40 0 -0.15965988355646527
41 0 -0.35126540261869604
42 0 -0.7713547503794193
44 0 -0.5874953242061252
46 636 -0.9995993225492918
48 628 -0.46526685383540894
49 794 -1.0
50 300 -0.8940840618364198
52 504 -0.5744781514904077
53 261 -0.7329178747609136
54 170 -0.8133759304774477
55 680 -0.9347753193538949
56 728 -0.29554614465666557
57 610 -0.8307651696111304
58 697 -0.47523636128167096
60 344 -0.3191141399497388
61 268 -0.4353122964593714
62 593 -0.9826966720764295
63 307 -0.3179562141008387
64 205 -0.5225859089513698
67 198 -0.4419334030363783
68 198 -0.1852839070010704
69 456 -0.3661083162951883
70 746 -0.8833684479387283
71 700 -0.49856337026755293
72 302 -0.8672678967360649
73 43 -0.8938374919035466
74 449 -0.5890946198134821
75 798 -0.5289280412478163
76 27 -0.7450874956201996
77 749 -0.7856753953691002
78 639 -0.4270920454658589
79 226 -0.6813341286133685
80 850 -0.782123472123399
81 639 -0.2616485118105698
82 569 -0.33674263434932517
83 0 -0.66510057063183
84 500 -0.6994991682331037
85 875 -0.28440636523227286
86 172 -0.5852789213983125
87 711 -0.18558965195119856
88 754 -0.42864639228260126
89 32 -0.5010004205053642
90 69 -0.9167475477407764
91 132 -0.6090083511184538
93 0 -0.6024647446414703
94 259 -1.0
95 620 -0.4360402693305219
96 0 -0.603100471139949
97 388 -0.5652592101066828
98 146 -0.3491803008933202
100 440 -0.6850648491081937
101 0 -0.27459891910074036
102 585 -0.7457493051218553
103 735 -0.35936354189676345
104 0 -0.5106923940810741
105 221 -1.0
106 300 -0.8995847964133435
107 0 -0.7772504340193626
109 33 -0.5966181754645832
110 827 -0.18158520148395965
111 0 -0.9997104759734875
112 312 -0.7663082811028965
113 678 -0.5086222884936769
114 479 -0.5930581425293663
115 714 -0.3564916123554996
116 797 -0.6270818766433008
117 249 -0.43000370379706526
118 355 -0.35063861536185154
119 0 -0.7397808721811212
120 667 -0.3395781358127576
122 172 -0.7539204095323219
123 389 -0.3452497134582917
124 0 -0.5089457882521923
125 577 -0.8233427958309479
126 228 -0.16283479960471886
127 228 -0.5065253823535382
128 585 -0.6174612952826587
129 753 -0.22411859109602197
130 209 -0.5706579470022627
131 0 -0.23338231271991913
132 500 -0.21608893696788337
134 274 -0.28170691201003206
136 507 -0.7842982372947761
137 103 -0.5576392372648701
138 378 -0.7672755317270833
141 763 -0.5888399510007924
143 0 -0.6777661560866258
144 833 -0.8070388222794059
145 199 -0.9111353943894148
146 0 -0.215807076615268
149 236 -0.5734068058482283
150 914 -0.47073619251172366
151 262 -0.6946063033483759
152 414 -0.7730804623025918
153 41 -0.20387519758445652
154 429 -0.7672755317270833
155 258 -0.5462225394630765
156 0 -0.6668512714387148
157 907 -0.723313115057962
158 489 -0.47340324889634455
159 230 -0.7329476318064766
160 678 -0.6675307524427554
161 657 -0.43795975608316984
162 4 -0.7003902328662974
163 637 -0.5811058506345261
164 197 -0.29855686067486265
165 611 -0.61445808284099
166 459 -0.37000168553818147
167 138 -0.562327720649517
168 858 -0.7829622621447454
169 0 -0.6914883979159214
170 0 -0.36877102450231425
171 729 -0.8856449978605901
172 920 -0.7909330765575912
173 358 -0.18244289368599848
174 70 -0.4398202139640087
175 228 -0.4057547185008602
177 946 -0.4762363601338264
178 939 -0.8729342188733483
179 0 -0.6818859229936469
180 0 -0.763125293632487
181 0 -0.7444784938528912
182 112 -0.746553048651829
183 5 -0.8011372005768854
184 977 -0.9987746989688097
185 303 -0.8819160471480074
186 949 -0.9834551085956983
187 100 -0.4581942602744741
188 955 -0.6105855175685261
190 889 -0.538941268755097
191 691 -0.9173730407706449
193 279 -0.6101641561754115
194 599 -0.259014959998077
195 844 -0.785619361140262
196 648 -0.554816777603442
197 0 -0.7842621104771537
198 504 -0.5225151146020384
199 0 -0.843487861530244
200 739 -0.6740902789232731
201 397 -0.5743253557543097
202 0 -0.7599230721751725
203 737 -0.46027841365958494
204 427 -1.0
205 0 -0.39205865817782604
206 138 -0.6194537531806386
207 0 -0.9215422153010283
208 370 -0.552182541898142
209 0 -0.6072088812544387
210 0 -0.4232344960260567
211 395 -0.15268521253335024
212 0 -0.35712485384129794
213 666 -0.44186668948722646
214 0 -0.9150939713135358
215 603 -0.92061964304028
216 0 -0.473774654341072
217 392 -0.2162222422985612
218 88 -0.4999418673920295
219 387 -0.7799127201974958
220 887 -0.45072061747057274
221 862 -0.7823993216124364
222 398 -0.38999101410431725
223 473 -0.9998195305666268
224 530 -0.47692206241044566
225 57 -0.7172276677418177
226 528 -0.6185404516038833
227 657 -0.7551186967020432
228 483 -0.3614272250180921
229 0 -0.44700167381385986
230 762 -0.8107147389688873
231 0 -0.8815280600301674
232 486 -0.44859661412649104
233 0 -0.9362225351422855
234 738 -0.904395930129335
235 871 -0.8501345201177153
236 0 -0.7470770186587543
237 192 -0.8611417782752795
238 891 -0.2523372113072088
239 320 -0.8850375117204576
240 603 -0.9362450527813766
241 730 -0.7893377651658877
242 794 -0.8317946473782777
243 689 -0.8928772966841458
244 14 -0.4641028443054003
245 421 -0.7707090386447867
246 716 -0.9583499488217829
247 0 -0.3646735284192786
248 198 -0.6901613523663299
249 679 -0.8459169718399029
250 863 -0.8306947085716118
251 780 -0.7660298783623983
252 0 -0.2143709915119024
253 562 -0.791573247980585
254 755 -0.4791193135748227
255 464 -0.7768368569981
256 685 -0.39188312749982684
257 216 -0.253689793856576
258 177 -0.3563793740495446
259 920 -0.3873954887751223
260 0 -0.6766443358139482
261 412 -0.3534825527997556
264 684 -0.6813132038220857
265 500 -0.7167105483449828
266 292 -0.9254407301696672
267 76 -0.91611481892204
268 81 -0.4249850672646423
269 397 -0.63002429776085
270 684 -0.4269341576914073
271 324 -0.2829510509078962
274 597 -0.45009498536463866
276 445 -1.0
277 0 -0.5815566773452805
278 0 -0.616156705529846
279 0 -0.6807128921709099
280 239 -0.9834831258470954
281 782 -0.7748540345826765
282 575 -0.2801948503555892
283 345 -0.670643180387614
284 691 -0.6192324143924031
285 132 -0.5539294209282876
286 975 -0.27037954379649903
287 0 -0.6048850939663376
288 0 -0.26285318084177167
290 239 -0.9328095728612303
291 541 -0.6873727768535469
292 398 -0.46716736586456886
293 280 -0.6133544595926598
294 379 -0.5120483092036782
296 342 -0.19784329829187608
298 29 -0.6511605841495623
299 986 -0.43278801796225475
300 518 -0.4128219582119467
301 607 -0.6219795770048092
302 24 -0.7701541829708101
303 639 -0.9007459342193741
304 480 -0.4755553895826401
305 605 -0.7700576166970753
306 0 -0.37231319051960077
307 0 -0.24544747777331363
308 580 -0.8624770693699358
309 154 -0.23523929002666102
310 418 -0.49601854371949633
311 0 -0.7685144325583422
313 326 -1.0
314 864 -0.46708259461743057
317 957 -0.28663489509714213
318 288 -0.33843840555540017
321 556 -0.43780999090454953
322 0 -0.978667194368927
323 0 -0.4344836846635243
324 95 -0.9026157905973732
326 550 -0.4468494616831496
327 186 -0.5559025093122831
328 216 -0.25250640641281685
330 873 -0.2867985779250866
331 618 -0.4478381213666155
332 0 -0.18233372293646977
333 827 -0.931339487375229
334 636 -0.7537516363946742
335 35 -0.4740631930656078
336 915 -0.4465848097600557
338 971 -0.44444641665428786
339 245 -0.8817496910116236
340 500 -0.5906837012443156
341 650 -0.5024910787077308
342 163 -0.5935928873253541
343 535 -0.9220458831110234
344 449 -0.7517387719722438
345 714 -0.5931415343257354
346 799 -0.789121419275517
347 102 -0.9578155723370008
348 836 -0.59901670360697
349 748 -0.2881244114582009
351 697 -0.7618022436461368
352 86 -0.645047925967638
353 421 -0.384721525441195
354 703 -0.6164846845348397
356 0 -0.3904191741713289
357 58 -0.9254405671259274
358 639 -0.248268401095315
359 983 -0.2284541302614082
360 745 -0.9056022803567717
363 0 -0.9758335578949109
364 329 -0.9984648473323835
365 0 -0.27763020236570085
366 661 -0.5476841041965398
367 945 -0.21913804448072338
368 500 -1.0
369 0 -0.4682546993388689
370 450 -0.31005728456231496
371 460 -0.7187239849501721
372 689 -0.41303000315691646
375 656 -0.6175222059207197
376 198 -0.9251933991312364
377 55 -0.4599795697558193
378 261 -0.2593306193457454
380 746 -0.5466046396672937
382 965 -0.4758865159723518
383 383 -0.9360472047177373
384 0 -0.20350978194928981
385 0 -0.9279503451835373
386 322 -0.276293780969414
387 996 -0.7450294559006853
388 515 -0.8795623300896479
390 770 -0.7390572205926045
391 83 -0.8556100856291147
394 977 -0.5343810120111288
395 277 -0.5232226656684968
396 373 -0.29778611758935203
398 0 -0.3603452974709287
399 95 -0.28681691082511845
401 0 -0.5098695917667008
402 98 -0.708887809677788
403 419 -0.8811154110223369
404 732 -0.6463212501397447
405 757 -0.785702590062243
406 290 -0.608455850243466
407 440 -1.0
408 370 -0.6194872839743919
409 219 -0.950460772979527
410 133 -0.37761001239483055
411 0 -0.35197210445419247
412 489 -0.7608177313161225
413 666 -0.25341410635270023
414 0 -0.6068935834709801
416 514 -0.349977061507496
417 0 -0.3506999364194748
418 62 -0.7857564096875808
420 321 -0.616156705529846
421 695 -0.8870899694594593
422 391 -0.3927653311159961
423 759 -0.6188141036485679
424 0 -0.77997101811319
425 285 -0.6812809208969448
426 491 -0.47949011957693305
427 814 -0.2853606881674517
429 437 -0.3900449225085405
430 2 -0.23107048952207987
431 239 -0.45102181529309654
432 0 -0.7847094436093985
434 110 -0.6021680966217967
437 200 -0.24552553366540877
438 211 -0.2086902454132564
439 0 -0.300215161290221
440 723 -0.9484279463228196
441 311 -0.31983171917432235
442 730 -0.7321590150269103
443 449 -0.41174571217565054
444 754 -0.6560234841996232
445 406 -0.6194634948829928
446 148 -0.7512631192739502
448 820 -0.25532069707656113
449 728 -0.7038539762463327
450 772 -0.46554516393848233
451 736 -1.0
452 674 -0.33268897460810964
453 536 -0.6103896369590013
454 0 -0.5765170451504162
455 437 -0.49236569630927124
456 731 -0.40274167028063634
457 776 -1.0
459 0 -0.3265481960718418
460 0 -0.9338819107527536
461 122 -0.6263712184273655
462 953 -0.24728268563147215
463 753 -0.3581925123533001
464 453 -0.8173007103422929
465 882 -0.3607606275165165
466 611 -0.36851453566427106
467 648 -0.5221450927524441
468 450 -0.33305081035682793
469 530 -0.3877560732163128
470 565 -0.4973136033013768
471 804 -0.6988641156213448
472 525 -0.9409647974795908
474 402 -0.4930900419227008
475 879 -0.7177591167561201
476 48 -0.26701443973539396
477 151 -0.6199296681601993
478 942 -0.42390838417950205
479 463 -0.5971202787801348
480 275 -0.9358630938309026
481 875 -0.6091884696475856
482 233 -0.8858384479843189
483 890 -0.1527378370866163
484 225 -0.7513958971842193
485 324 -0.7291082394111293
487 0 -0.9868761266007314
487 1 -0.9868761266007314
487 2 -0.9868761266007314
487 3 -0.9868761266007314
487 4 -0.9868761266007314
487 5 -0.9868761266007314
487 6 -0.9868761266007314
487 7 -0.9868761266007314
487 8 -0.9868761266007314
487 9 -0.9868761266007314
487 10 -0.9868761266007314
487 11 -0.9868761266007314
487 12 -0.9868761266007314
487 13 -0.9868761266007314
487 14 -0.9868761266007314
487 15 -0.9868761266007314
487 16 -0.9868761266007314
487 17 -0.9868761266007314
487 18 -0.9868761266007314
487 19 -0.9868761266007314
487 20 -0.9868761266007314
487 21 -0.9868761266007314
487 22 -0.9868761266007314
487 23 -0.9868761266007314
487 24 -0.9868761266007314
487 25 -0.9868761266007314
487 26 -0.9868761266007314
487 27 -0.9868761266007314
487 28 -0.9868761266007314
487 29 -0.9868761266007314
487 30 -0.9868761266007314
487 31 -0.9868761266007314
487 32 -0.9868761266007314
487 33 -0.9868761266007314
487 34 -0.9868761266007314
487 35 -0.9868761266007314
487 36 -0.9868761266007314
487 37 -0.9868761266007314
487 38 -0.9868761266007314
487 39 -0.9868761266007314
487 40 -0.9868761266007314
487 41 -0.9868761266007314
487 42 -0.9868761266007314
487 43 -0.9868761266007314
487 44 -0.9868761266007314
487 45 -0.9868761266007314
487 46 -0.9868761266007314
487 47 -0.9868761266007314
487 48 -0.9868761266007314
487 49 -0.9868761266007314
487 50 -0.9868761266007314
487 51 -0.9868761266007314
487 52 -0.9868761266007314
487 53 -0.9868761266007314
487 54 -0.9868761266007314
487 55 -0.9868761266007314
487 56 -0.9868761266007314
487 57 -0.9868761266007314
487 58 -0.9868761266007314
487 59 -0.9868761266007314
487 60 -0.9868761266007314
487 61 -0.9868761266007314
487 62 -0.9868761266007314
487 63 -0.9868761266007314
487 64 -0.9868761266007314
487 65 -0.9868761266007314
487 66 -0.9868761266007314
487 67 -0.9868761266007314
487 68 -0.9868761266007314
487 69 -0.9868761266007314
487 70 -0.9868761266007314
487 71 -0.9868761266007314
487 72 -0.9868761266007314
487 73 -0.9868761266007314
487 74 -0.9868761266007314
487 75 -0.9868761266007314
487 76 -0.9868761266007314
487 77 -0.9868761266007314
487 78 -0.9868761266007314
487 79 -0.9868761266007314
487 80 -0.9868761266007314
487 81 -0.9868761266007314
487 82 -0.9868761266007314
487 83 -0.9868761266007314
487 84 -0.9868761266007314
487 85 -0.9868761266007314
487 86 -0.9868761266007314
487 87 -0.9868761266007314
487 88 -0.9868761266007314
487 89 -0.9868761266007314
487 90 -0.9868761266007314
487 91 -0.9868761266007314
487 92 -0.9868761266007314
487 93 -0.9868761266007314
487 94 -0.9868761266007314
487 95 -0.9868761266007314
487 96 -0.9868761266007314
487 97 -0.9868761266007314
487 98 -0.9868761266007314
487 99 -0.9868761266007314
487 100 -0.9868761266007314
487 101 -0.9868761266007314
487 102 -0.9868761266007314
487 103 -0.9868761266007314
487 104 -0.9868761266007314
487 105 -0.9868761266007314
487 106 -0.9868761266007314
487 107 -0.9868761266007314
487 108 -0.9868761266007314
487 109 -0.9868761266007314
487 110 -0.9868761266007314
487 111 -0.9868761266007314
487 112 -0.9868761266007314
487 113 -0.9868761266007314
487 114 -0.9868761266007314
487 115 -0.9868761266007314
487 116 -0.9868761266007314
487 117 -0.9868761266007314
487 118 -0.9868761266007314
487 119 -0.9868761266007314
487 120 -0.9868761266007314
487 121 -0.9868761266007314
487 122 -0.9868761266007314
487 123 -0.9868761266007314
487 124 -0.9868761266007314
487 125 -0.9868761266007314
487 126 -0.9868761266007314
487 127 -0.9868761266007314
487 128 -0.9868761266007314
487 129 -0.9868761266007314
487 130 -0.9868761266007314
487 131 -0.9868761266007314
487 132 -0.9868761266007314
487 133 -0.9868761266007314
487 134 -0.9868761266007314
487 135 -0.9868761266007314
487 136 -0.9868761266007314
487 137 -0.9868761266007314
487 138 -0.9868761266007314
487 139 -0.9868761266007314
487 140 -0.9868761266007314
487 141 -0.9868761266007314
487 142 -0.9868761266007314
487 143 -0.9868761266007314
487 144 -0.9868761266007314
487 145 -0.9868761266007314
487 146 -0.9868761266007314
487 147 -0.9868761266007314
487 148 -0.9868761266007314
487 149 -0.9868761266007314
487 150 -0.9868761266007314
487 151 -0.9868761266007314
487 152 -0.9868761266007314
487 153 -0.9868761266007314
487 154 -0.9868761266007314
487 155 -0.9868761266007314
487 156 -0.9868761266007314
487 157 -0.9868761266007314
487 158 -0.9868761266007314
487 159 -0.9868761266007314
487 160 -0.9868761266007314
487 161 -0.9868761266007314
487 162 -0.9868761266007314
487 163 -0.9868761266007314
487 164 -0.9868761266007314
487 165 -0.9868761266007314
487 166 -0.9868761266007314
487 167 -0.9868761266007314
487 168 -0.9868761266007314
487 169 -0.9868761266007314
487 170 -0.9868761266007314
487 171 -0.9868761266007314
487 172 -0.9868761266007314
487 173 -0.9868761266007314
487 174 -0.9868761266007314
487 175 -0.9868761266007314
487 176 -0.9868761266007314
487 177 -0.9868761266007314
487 178 -0.9868761266007314
487 179 -0.9868761266007314
487 180 -0.9868761266007314
487 181 -0.9868761266007314
487 182 -0.9868761266007314
487 183 -0.9868761266007314
487 184 -0.9868761266007314
487 185 -0.9868761266007314
487 186 -0.9868761266007314
487 187 -0.9868761266007314
487 188 -0.9868761266007314
487 189 -0.9868761266007314
487 190 -0.9868761266007314
487 191 -0.9868761266007314
487 192 -0.9868761266007314
487 193 -0.9868761266007314
487 194 -0.9868761266007314
487 195 -0.9868761266007314
487 196 -0.9868761266007314
487 197 -0.9868761266007314
487 198 -0.9868761266007314
487 199 -0.9868761266007314
487 200 -0.9868761266007314
487 201 -0.9868761266007314
487 202 -0.9868761266007314
487 203 -0.9868761266007314
487 204 -0.9868761266007314
487 205 -0.9868761266007314
487 206 -0.9868761266007314
487 207 -0.9868761266007314
487 208 -0.9868761266007314
487 209 -0.9868761266007314
487 210 -0.9868761266007314
487 211 -0.9868761266007314
487 212 -0.9868761266007314
487 213 -0.9868761266007314
487 214 -0.9868761266007314
487 215 -0.9868761266007314
487 216 -0.9868761266007314
487 217 -0.9868761266007314
487 218 -0.9868761266007314
487 219 -0.9868761266007314
487 220 -0.9868761266007314
487 221 -0.9868761266007314
487 222 -0.9868761266007314
487 223 -0.9868761266007314
487 224 -0.9868761266007314
487 225 -0.9868761266007314
487 226 -0.9868761266007314
487 227 -0.9868761266007314
487 228 -0.9868761266007314
487 229 -0.9868761266007314
487 230 -0.9868761266007314
487 231 -0.9868761266007314
487 232 -0.9868761266007314
487 233 -0.9868761266007314
487 234 -0.9868761266007314
487 235 -0.9868761266007314
487 236 -0.9868761266007314
487 237 -0.9868761266007314
487 238 -0.9868761266007314
487 239 -0.9868761266007314
487 240 -0.9868761266007314
487 241 -0.9868761266007314
487 242 -0.9868761266007314
487 243 -0.9868761266007314
487 244 -0.9868761266007314
487 245 -0.9868761266007314
487 246 -0.9868761266007314
487 247 -0.9868761266007314
487 248 -0.9868761266007314
487 249 -0.9868761266007314
487 250 -0.9868761266007314
487 251 -0.9868761266007314
487 252 -0.9868761266007314
487 253 -0.9868761266007314
487 254 -0.9868761266007314
487 255 -0.9868761266007314
487 256 -0.9868761266007314
487 257 -0.9868761266007314
487 258 -0.9868761266007314
487 259 -0.9868761266007314
487 260 -0.9868761266007314
487 261 -0.9868761266007314
487 262 -0.9868761266007314
487 263 -0.9868761266007314
487 264 -0.9868761266007314
487 265 -0.9868761266007314
487 266 -0.9868761266007314
487 267 -0.9868761266007314
487 268 -0.9868761266007314
487 269 -0.9868761266007314
487 270 -0.9868761266007314
487 271 -0.9868761266007314
487 272 -0.9868761266007314
487 273 -0.9868761266007314
487 274 -0.9868761266007314
487 275 -0.9868761266007314
487 276 -0.9868761266007314
487 277 -0.9868761266007314
487 278 -0.9868761266007314
487 279 -0.9868761266007314
487 280 -0.9868761266007314
487 281 -0.9868761266007314
487 282 -0.9868761266007314
487 283 -0.9868761266007314
487 284 -0.9868761266007314
487 285 -0.9868761266007314
487 286 -0.9868761266007314
487 287 -0.9868761266007314
487 288 -0.9868761266007314
487 289 -0.9868761266007314
487 290 -0.9868761266007314
487 291 -0.9868761266007314
487 292 -0.9868761266007314
487 293 -0.9868761266007314
487 294 -0.9868761266007314
487 295 -0.9868761266007314
487 296 -0.9868761266007314
487 297 -0.9868761266007314
487 298 -0.9868761266007314
487 299 -0.9868761266007314
487 300 -0.9868761266007314
487 301 -0.9868761266007314
487 302 -0.9868761266007314
487 303 -0.9868761266007314
487 304 -0.9868761266007314
487 305 -0.9868761266007314
487 306 -0.9868761266007314
487 307 -0.9868761266007314
487 308 -0.9868761266007314
487 309 -0.9868761266007314
487 310 -0.9868761266007314
487 311 -0.9868761266007314
487 312 -0.9868761266007314
487 313 -0.9868761266007314
487 314 -0.9868761266007314
487 315 -0.9868761266007314
487 316 -0.9868761266007314
487 317 -0.9868761266007314
487 318 -0.9868761266007314
487 319 -0.9868761266007314
487 320 -0.9868761266007314
487 321 -0.9868761266007314
487 322 -0.9868761266007314
487 323 -0.9868761266007314
487 324 -0.9868761266007314
487 325 -0.9868761266007314
487 326 -0.9868761266007314
487 327 -0.9868761266007314
487 328 -0.9868761266007314
487 329 -0.9868761266007314
487 330 -0.9868761266007314
487 331 -0.9868761266007314
487 332 -0.9868761266007314
487 333 -0.9868761266007314
487 334 -0.9868761266007314
487 335 -0.9868761266007314
487 336 -0.9868761266007314
487 337 -0.9868761266007314
487 338 -0.9868761266007314
487 339 -0.9868761266007314
487 340 -0.9868761266007314
487 341 -0.9868761266007314
487 342 -0.9868761266007314
487 343 -0.9868761266007314
487 344 -0.9868761266007314
487 345 -0.9868761266007314
487 346 -0.9868761266007314
487 347 -0.9868761266007314
487 348 -0.9868761266007314
487 349 -0.9868761266007314
487 350 -0.9868761266007314
487 351 -0.9868761266007314
487 352 -0.9868761266007314
487 353 -0.9868761266007314
487 354 -0.9868761266007314
487 355 -0.9868761266007314
487 356 -0.9868761266007314
487 357 -0.9868761266007314
487 358 -0.9868761266007314
487 359 -0.9868761266007314
487 360 -0.9868761266007314
487 361 -0.9868761266007314
487 362 -0.9868761266007314
487 363 -0.9868761266007314
487 364 -0.9868761266007314
487 365 -0.9868761266007314
487 366 -0.9868761266007314
487 367 -0.9868761266007314
487 368 -0.9868761266007314
487 369 -0.9868761266007314
487 370 -0.9868761266007314
487 371 -0.9868761266007314
487 372 -0.9868761266007314
487 373 -0.9868761266007314
487 374 -0.9868761266007314
487 375 -0.9868761266007314
487 376 -0.9868761266007314
487 377 -0.9868761266007314
487 378 -0.9868761266007314
487 379 -0.9868761266007314
487 380 -0.9868761266007314
487 381 -0.9868761266007314
487 382 -0.9868761266007314
487 383 -0.9868761266007314
487 384 -0.9868761266007314
487 385 -0.9868761266007314
487 386 -0.9868761266007314
487 387 -0.9868761266007314
487 388 -0.9868761266007314
487 389 -0.9868761266007314
487 390 -0.9868761266007314
487 391 -0.9868761266007314
487 392 -0.9868761266007314
487 393 -0.9868761266007314
487 394 -0.9868761266007314
487 395 -0.9868761266007314
487 396 -0.9868761266007314
487 397 -0.9868761266007314
487 398 -0.9868761266007314
487 399 -0.9868761266007314
487 400 -0.9868761266007314
487 401 -0.9868761266007314
487 402 -0.9868761266007314
487 403 -0.9868761266007314
487 404 -0.9868761266007314
487 405 -0.9868761266007314
487 406 -0.9868761266007314
487 407 -0.9868761266007314
487 408 -0.9868761266007314
487 409 -0.9868761266007314
487 410 -0.9868761266007314
487 411 -0.9868761266007314
487 412 -0.9868761266007314
487 413 -0.9868761266007314
487 414 -0.9868761266007314
487 415 -0.9868761266007314
487 416 -0.9868761266007314
487 417 -0.9868761266007314
487 418 -0.9868761266007314
487 419 -0.9868761266007314
487 420 -0.9868761266007314
487 421 -0.9868761266007314
487 422 -0.9868761266007314
487 423 -0.9868761266007314
487 424 -0.9868761266007314
487 425 -0.9868761266007314
487 426 -0.9868761266007314
487 427 -0.9868761266007314
487 428 -0.9868761266007314
487 429 -0.9868761266007314
487 430 -0.9868761266007314
487 431 -0.9868761266007314
487 432 -0.9868761266007314
487 433 -0.9868761266007314
487 434 -0.9868761266007314
487 435 -0.9868761266007314
487 436 -0.9868761266007314
487 437 -0.9868761266007314
487 438 -0.9868761266007314
487 439 -0.9868761266007314
487 440 -0.9868761266007314
487 441 -0.9868761266007314
487 442 -0.9868761266007314
487 443 -0.9868761266007314
487 444 -0.9868761266007314
487 445 -0.9868761266007314
487 446 -0.9868761266007314
487 447 -0.9868761266007314
487 448 -0.9868761266007314
487 449 -0.9868761266007314
487 450 -0.9868761266007314
487 451 -0.9868761266007314
487 452 -0.9868761266007314
487 453 -0.9868761266007314
487 454 -0.9868761266007314
487 455 -0.9868761266007314
487 456 -0.9868761266007314
487 457 -0.9868761266007314
487 458 -0.9868761266007314
487 459 -0.9868761266007314
487 460 -0.9868761266007314
487 461 -0.9868761266007314
487 462 -0.9868761266007314
487 463 -0.9868761266007314
487 464 -0.9868761266007314
487 465 -0.9868761266007314
487 466 -0.9868761266007314
487 467 -0.9868761266007314
487 468 -0.9868761266007314
487 469 -0.9868761266007314
487 470 -0.9868761266007314
487 471 -0.9868761266007314
487 472 -0.9868761266007314
487 473 -0.9868761266007314
487 474 -0.9868761266007314
487 475 -0.9868761266007314
487 476 -0.9868761266007314
487 477 -0.9868761266007314
487 478 -0.9868761266007314
487 479 -0.9868761266007314
487 480 -0.9868761266007314
487 481 -0.9868761266007314
487 482 -0.9868761266007314
487 483 -0.9868761266007314
487 484 -0.9868761266007314
487 485 -0.9868761266007314
487 486 -0.9868761266007314
487 487 -0.9868761266007314
487 488 -0.9868761266007314
487 489 -0.9868761266007314
487 490 -0.9868761266007314
487 491 -0.9868761266007314
487 492 -0.9868761266007314
487 493 -0.9868761266007314
487 494 -0.9868761266007314
487 495 -0.9868761266007314
487 496 -0.9868761266007314
487 497 -0.9868761266007314
487 498 -0.9868761266007314
487 499 -0.9868761266007314
487 500 -0.9868761266007314
487 501 -0.9868761266007314
487 502 -0.9868761266007314
487 503 -0.9868761266007314
487 504 -0.9868761266007314
487 505 -0.9868761266007314
487 506 -0.9868761266007314
487 507 -0.9868761266007314
487 508 -0.9868761266007314
487 509 -0.9868761266007314
487 510 -0.9868761266007314
487 511 -0.9868761266007314
487 512 -0.9868761266007314
487 513 -0.9868761266007314
487 514 -0.9868761266007314
487 515 -0.9868761266007314
487 516 -0.9868761266007314
487 517 -0.9868761266007314
487 518 -0.9868761266007314
487 519 -0.9868761266007314
487 520 -0.9868761266007314
487 521 -0.9868761266007314
487 522 -0.9868761266007314
487 523 -0.9868761266007314
487 524 -0.9868761266007314
487 525 -0.9868761266007314
487 526 -0.9868761266007314
487 527 -0.9868761266007314
487 528 -0.9868761266007314
487 529 -0.9868761266007314
487 530 -0.9868761266007314
487 531 -0.9868761266007314
487 532 -0.9868761266007314
487 533 -0.9868761266007314
487 534 -0.9868761266007314
487 535 -0.9868761266007314
487 536 -0.9868761266007314
487 537 -0.9868761266007314
487 538 -0.9868761266007314
487 539 -0.9868761266007314
487 540 -0.9868761266007314
487 541 -0.9868761266007314
487 542 -0.9868761266007314
487 543 -0.9868761266007314
487 544 -0.9868761266007314
487 545 -0.9868761266007314
487 546 -0.9868761266007314
487 547 -0.9868761266007314
487 548 -0.9868761266007314
487 549 -0.9868761266007314
487 550 -0.9868761266007314
487 551 -0.9868761266007314
487 552 -0.9868761266007314
487 553 -0.9868761266007314
487 554 -0.9868761266007314
487 555 -0.9868761266007314
487 556 -0.9868761266007314
487 557 -0.9868761266007314
487 558 -0.9868761266007314
487 559 -0.9868761266007314
487 560 -0.9868761266007314
487 561 -0.9868761266007314
487 562 -0.9868761266007314
487 563 -0.9868761266007314
487 564 -0.9868761266007314
487 565 -0.9868761266007314
487 566 -0.9868761266007314
487 567 -0.9868761266007314
487 568 -0.9868761266007314
487 569 -0.9868761266007314
487 570 -0.9868761266007314
487 571 -0.9868761266007314
487 572 -0.9868761266007314
487 573 -0.9868761266007314
487 574 -0.9868761266007314
487 575 -0.9868761266007314
487 576 -0.9868761266007314
487 577 -0.9868761266007314
487 578 -0.9868761266007314
487 579 -0.9868761266007314
487 580 -0.9868761266007314
487 581 -0.9868761266007314
487 582 -0.9868761266007314
487 583 -0.9868761266007314
487 584 -0.9868761266007314
487 585 -0.9868761266007314
487 586 -0.9868761266007314
487 587 -0.9868761266007314
487 588 -0.9868761266007314
487 589 -0.9868761266007314
487 590 -0.9868761266007314
487 591 -0.9868761266007314
487 592 -0.9868761266007314
487 593 -0.9868761266007314
487 594 -0.9868761266007314
487 595 -0.9868761266007314
487 596 -0.9868761266007314
487 597 -0.9868761266007314
487 598 -0.9868761266007314
487 599 -0.9868761266007314
487 600 -0.9868761266007314
487 601 -0.9868761266007314
487 602 -0.9868761266007314
487 603 -0.9868761266007314
487 604 -0.9868761266007314
487 605 -0.9868761266007314
487 606 -0.9868761266007314
487 607 -0.9868761266007314
487 608 -0.9868761266007314
487 609 -0.9868761266007314
487 610 -0.9868761266007314
487 611 -0.9868761266007314
487 612 -0.9868761266007314
487 613 -0.9868761266007314
487 614 -0.9868761266007314
487 615 -0.9868761266007314
487 616 -0.9868761266007314
487 617 -0.9868761266007314
487 618 -0.9868761266007314
487 619 -0.9868761266007314
487 620 -0.9868761266007314
487 621 -0.9868761266007314
487 622 -0.9868761266007314
487 623 -0.9868761266007314
487 624 -0.9868761266007314
487 625 -0.9868761266007314
487 626 -0.9868761266007314
487 627 -0.9868761266007314
487 628 -0.9868761266007314
487 629 -0.9868761266007314
487 630 -0.9868761266007314
487 631 -0.9868761266007314
487 632 -0.9868761266007314
487 633 -0.9868761266007314
487 634 -0.9868761266007314
487 635 -0.9868761266007314
487 636 -0.9868761266007314
487 637 -0.9868761266007314
487 638 -0.9868761266007314
487 639 -0.9868761266007314
487 640 -0.9868761266007314
487 641 -0.9868761266007314
487 642 -0.9868761266007314
487 643 -0.9868761266007314
487 644 -0.9868761266007314
487 645 -0.9868761266007314
487 646 -0.9868761266007314
487 647 -0.9868761266007314
487 648 -0.9868761266007314
487 649 -0.9868761266007314
487 650 -0.9868761266007314
487 651 -0.9868761266007314
487 652 -0.9868761266007314
487 653 -0.9868761266007314
487 654 -0.9868761266007314
487 655 -0.9868761266007314
487 656 -0.9868761266007314
487 657 -0.9868761266007314
487 658 -0.9868761266007314
487 659 -0.9868761266007314
487 660 -0.9868761266007314
487 661 -0.9868761266007314
487 662 -0.9868761266007314
487 663 -0.9868761266007314
487 664 -0.9868761266007314
487 665 -0.9868761266007314
487 666 -0.9868761266007314
487 667 -0.9868761266007314
487 668 -0.9868761266007314
487 669 -0.9868761266007314
487 670 -0.9868761266007314
487 671 -0.9868761266007314
487 672 -0.9868761266007314
487 673 -0.9868761266007314
487 674 -0.9868761266007314
487 675 -0.9868761266007314
487 676 -0.9868761266007314
487 677 -0.9868761266007314
487 678 -0.9868761266007314
487 679 -0.9868761266007314
487 680 -0.9868761266007314
487 681 -0.9868761266007314
487 682 -0.9868761266007314
487 683 -0.9868761266007314
487 684 -0.9868761266007314
487 685 -0.9868761266007314
487 686 -0.9868761266007314
487 687 -0.9868761266007314
487 688 -0.9868761266007314
487 689 -0.9868761266007314
487 690 -0.9868761266007314
487 691 -0.9868761266007314
487 692 -0.9868761266007314
487 693 -0.9868761266007314
487 694 -0.9868761266007314
487 695 -0.9868761266007314
487 696 -0.9868761266007314
487 697 -0.9868761266007314
487 698 -0.9868761266007314
487 699 -0.9868761266007314
487 700 -0.9868761266007314
487 701 -0.9868761266007314
487 702 -0.9868761266007314
487 703 -0.9868761266007314
487 704 -0.9868761266007314
487 705 -0.9868761266007314
487 706 -0.9868761266007314
487 707 -0.9868761266007314
487 708 -0.9868761266007314
487 709 -0.9868761266007314
487 710 -0.9868761266007314
487 711 -0.9868761266007314
487 712 -0.9868761266007314
487 713 -0.9868761266007314
487 714 -0.9868761266007314
487 715 -0.9868761266007314
487 716 -0.9868761266007314
487 717 -0.9868761266007314
487 718 -0.9868761266007314
487 719 -0.9868761266007314
487 720 -0.9868761266007314
487 721 -0.9868761266007314
487 722 -0.9868761266007314
487 723 -0.9868761266007314
487 724 -0.9868761266007314
487 725 -0.9868761266007314
487 726 -0.9868761266007314
487 727 -0.9868761266007314
487 728 -0.9868761266007314
487 729 -0.9868761266007314
487 730 -0.9868761266007314
487 731 -0.9868761266007314
487 732 -0.9868761266007314
487 733 -0.9868761266007314
487 734 -0.9868761266007314
487 735 -0.9868761266007314
487 736 -0.9868761266007314
487 737 -0.9868761266007314
487 738 -0.9868761266007314
487 739 -0.9868761266007314
487 740 -0.9868761266007314
487 741 -0.9868761266007314
487 742 -0.9868761266007314
487 743 -0.9868761266007314
487 744 -0.9868761266007314
487 745 -0.9868761266007314
487 746 -0.9868761266007314
487 747 -0.9868761266007314
487 748 -0.9868761266007314
487 749 -0.9868761266007314
487 750 -0.9868761266007314
487 751 -0.9868761266007314
487 752 -0.9868761266007314
487 753 -0.9868761266007314
487 754 -0.9868761266007314
487 755 -0.9868761266007314
487 756 -0.9868761266007314
487 757 -0.9868761266007314
487 758 -0.9868761266007314
487 759 -0.9868761266007314
487 760 -0.9868761266007314
487 761 -0.9868761266007314
487 762 -0.9868761266007314
487 763 -0.9868761266007314
487 764 -0.9868761266007314
487 765 -0.9868761266007314
487 766 -0.9868761266007314
487 767 -0.9868761266007314
487 768 -0.9868761266007314
487 769 -0.9868761266007314
487 770 -0.9868761266007314
487 771 -0.9868761266007314
487 772 -0.9868761266007314
487 773 -0.9868761266007314
487 774 -0.9868761266007314
487 775 -0.9868761266007314
487 776 -0.9868761266007314
487 777 -0.9868761266007314
487 778 -0.9868761266007314
487 779 -0.9868761266007314
487 780 -0.9868761266007314
487 781 -0.9868761266007314
487 782 -0.9868761266007314
487 783 -0.9868761266007314
487 784 -0.9868761266007314
487 785 -0.9868761266007314
487 786 -0.9868761266007314
487 787 -0.9868761266007314
487 788 -0.9868761266007314
487 789 -0.9868761266007314
487 790 -0.9868761266007314
487 791 -0.9868761266007314
487 792 -0.9868761266007314
487 793 -0.9868761266007314
487 794 -0.9868761266007314
487 795 -0.9868761266007314
487 796 -0.9868761266007314
487 797 -0.9868761266007314
487 798 -0.9868761266007314
487 799 -0.9868761266007314
487 800 -0.9868761266007314
487 801 -0.9868761266007314
487 802 -0.9868761266007314
487 803 -0.9868761266007314
487 804 -0.9868761266007314
487 805 -0.9868761266007314
487 806 -0.9868761266007314
487 807 -0.9868761266007314
487 808 -0.9868761266007314
487 809 -0.9868761266007314
487 810 -0.9868761266007314
487 811 -0.9868761266007314
487 812 -0.9868761266007314
487 813 -0.9868761266007314
487 814 -0.9868761266007314
487 815 -0.9868761266007314
487 816 -0.9868761266007314
487 817 -0.9868761266007314
487 818 -0.9868761266007314
487 819 -0.9868761266007314
487 820 -0.9868761266007314
487 821 -0.9868761266007314
487 822 -0.9868761266007314
487 823 -0.9868761266007314
487 824 -0.9868761266007314
487 825 -0.9868761266007314
487 826 -0.9868761266007314
487 827 -0.9868761266007314
487 828 -0.9868761266007314
487 829 -0.9868761266007314
487 830 -0.9868761266007314
487 831 -0.9868761266007314
487 832 -0.9868761266007314
487 833 -0.9868761266007314
487 834 -0.9868761266007314
487 835 -0.9868761266007314
487 836 -0.9868761266007314
487 837 -0.9868761266007314
487 838 -0.9868761266007314
487 839 -0.9868761266007314
487 840 -0.9868761266007314
487 841 -0.9868761266007314
487 842 -0.9868761266007314
487 843 -0.9868761266007314
487 844 -0.9868761266007314
487 845 -0.9868761266007314
487 846 -0.9868761266007314
487 847 -0.9868761266007314
487 848 -0.9868761266007314
487 849 -0.9868761266007314
487 850 -0.9868761266007314
487 851 -0.9868761266007314
487 852 -0.9868761266007314
487 853 -0.9868761266007314
487 854 -0.9868761266007314
487 855 -0.9868761266007314
487 856 -0.9868761266007314
487 857 -0.9868761266007314
487 858 -0.9868761266007314
487 859 -0.9868761266007314
487 860 -0.9868761266007314
487 861 -0.9868761266007314
487 862 -0.9868761266007314
487 863 -0.9868761266007314
487 864 -0.9868761266007314
487 865 -0.9868761266007314
487 866 -0.9868761266007314
487 867 -0.9868761266007314
487 868 -0.9868761266007314
487 869 -0.9868761266007314
487 870 -0.9868761266007314
487 871 -0.9868761266007314
487 872 -0.9868761266007314
487 873 -0.9868761266007314
487 874 -0.9868761266007314
487 875 -0.9868761266007314
487 876 -0.9868761266007314
487 877 -0.9868761266007314
487 878 -0.9868761266007314
487 879 -0.9868761266007314
487 880 -0.9868761266007314
487 881 -0.9868761266007314
487 882 -0.9868761266007314
487 883 -0.9868761266007314
487 884 -0.9868761266007314
487 885 -0.9868761266007314
487 886 -0.9868761266007314
487 887 -0.9868761266007314
487 888 -0.9868761266007314
487 889 -0.9868761266007314
487 890 -0.9868761266007314
487 891 -0.9868761266007314
487 892 -0.9868761266007314
487 893 -0.9868761266007314
487 894 -0.9868761266007314
487 895 -0.9868761266007314
487 896 -0.9868761266007314
487 897 -0.9868761266007314
487 898 -0.9868761266007314
487 899 -0.9868761266007314
487 900 -0.9868761266007314
487 901 -0.9868761266007314
487 902 -0.9868761266007314
487 903 -0.9868761266007314
487 904 -0.9868761266007314
487 905 -0.9868761266007314
487 906 -0.9868761266007314
487 907 -0.9868761266007314
487 908 -0.9868761266007314
487 909 -0.9868761266007314
487 910 -0.9868761266007314
487 911 -0.9868761266007314
487 912 -0.9868761266007314
487 913 -0.9868761266007314
487 914 -0.9868761266007314
487 915 -0.9868761266007314
487 916 -0.9868761266007314
487 917 -0.9868761266007314
487 918 -0.9868761266007314
487 919 -0.9868761266007314
487 920 -0.9868761266007314
487 921 -0.9868761266007314
487 922 -0.9868761266007314
487 923 -0.9868761266007314
487 924 -0.9868761266007314
487 925 -0.9868761266007314
487 926 -0.9868761266007314
487 927 -0.9868761266007314
487 928 -0.9868761266007314
487 929 -0.9868761266007314
487 930 -0.9868761266007314
487 931 -0.9868761266007314
487 932 -0.9868761266007314
487 933 -0.9868761266007314
487 934 -0.9868761266007314
487 935 -0.9868761266007314
487 936 -0.9868761266007314
487 937 -0.9868761266007314
487 938 -0.9868761266007314
487 939 -0.9868761266007314
487 940 -0.9868761266007314
487 941 -0.9868761266007314
487 942 -0.9868761266007314
487 943 -0.9868761266007314
487 944 -0.9868761266007314
487 945 -0.9868761266007314
487 946 -0.9868761266007314
487 947 -0.9868761266007314
487 948 -0.9868761266007314
487 949 -0.9868761266007314
487 950 -0.9868761266007314
487 951 -0.9868761266007314
487 952 -0.9868761266007314
487 953 -0.9868761266007314
487 954 -0.9868761266007314
487 955 -0.9868761266007314
487 956 -0.9868761266007314
487 957 -0.9868761266007314
487 958 -0.9868761266007314
487 959 -0.9868761266007314
487 960 -0.9868761266007314
487 961 -0.9868761266007314
487 962 -0.9868761266007314
487 963 -0.9868761266007314
487 964 -0.9868761266007314
487 965 -0.9868761266007314
487 966 -0.9868761266007314
487 967 -0.9868761266007314
487 968 -0.9868761266007314
487 969 -0.9868761266007314
487 970 -0.9868761266007314
487 971 -0.9868761266007314
487 972 -0.9868761266007314
487 973 -0.9868761266007314
487 974 -0.9868761266007314
487 975 -0.9868761266007314
487 976 -0.9868761266007314
487 977 -0.9868761266007314
487 978 -0.9868761266007314
487 979 -0.9868761266007314
487 980 -0.9868761266007314
487 981 -0.9868761266007314
487 982 -0.9868761266007314
487 983 -0.9868761266007314
487 984 -0.9868761266007314
487 985 -0.9868761266007314
487 986 -0.9868761266007314
487 987 -0.9868761266007314
487 988 -0.9868761266007314
487 989 -0.9868761266007314
487 990 -0.9868761266007314
487 991 -0.9868761266007314
487 992 -0.9868761266007314
487 993 -0.9868761266007314
487 994 -0.9868761266007314
487 995 -0.9868761266007314
487 996 -0.9868761266007314
487 997 -0.9868761266007314
487 998 -0.9868761266007314
487 999 -0.9868761266007314
488 602 -0.8656772938369661
490 298 -0.4970394761811861
492 231 -0.6539586470429596
493 833 -0.6169777118291335
494 0 -0.34639442902990486
495 368 -0.36433906275277295
496 782 -0.8578039318360203
497 0 -0.3931368523456749
498 0 -0.22875573498095292
499 335 -0.5650375071460266
500 0 -0.8439040498253185
501 274 -0.5780213398618943
502 446 -0.3636965785387914
503 0 -0.36851432123194944
504 0 -0.9296375671449799
505 0 -0.4716273571068081
506 510 -0.5334758305458667
507 478 -1.0
508 232 -0.21983729587308148
509 781 -0.6881723286126719
510 671 -0.6003994912313041
511 331 -0.3947726681650479
512 0 -0.5971600732466095
513 577 -0.7854258549699178
515 500 -0.41812283003449
516 30 -0.2208816408362747
517 247 -0.41537495702611676
518 421 -0.5900769589173976
519 655 -0.5926256814760776
522 335 -0.4518676439510926
523 673 -0.36678711948402043
524 613 -0.6164994771305222
525 0 -0.5632802635783992
526 387 -0.5581731517572495
527 0 -0.22180090135178362
528 475 -0.4513889170729347
529 875 -0.6095125299021613
530 77 -0.7856025944533558
531 61 -0.4756464273526828
532 0 -0.9154196567971299
533 316 -0.8771710895196712
534 559 -0.3782233958266303
535 0 -0.7711874088941499
536 493 -0.8704559788887345
537 271 -0.6083812445972517
539 0 -0.3690724722039403
540 342 -0.9518711919855939
541 572 -0.7837236451225451
542 480 -0.9277586682194416
544 201 -0.3874262925126954
545 332 -0.9260791337356477
546 945 -0.8503197788674249
547 670 -0.744257993725773
548 801 -0.23208797601053147
549 276 -0.5341392172499748
551 221 -0.5507240205031984
552 531 -0.7189249853492995
553 421 -0.9362200654220633
554 253 -0.7138650342558227
555 777 -0.6359563377536925
556 752 -0.7210939056095869
557 429 -0.6146628686591608
558 574 -0.28545573374754274
559 853 -0.735117805958276
560 0 -0.6618973377056178
561 23 -0.9210392929027262
562 0 -0.7837853240470369
563 236 -0.6196851367104773
564 378 -0.342244706997431
566 0 -0.5413058977773058
567 19 -0.5388794641621033
568 19 -0.6098991176953298
569 271 -0.8169750503003645
570 304 -0.8455329122995398
572 500 -0.6985874300864287
573 404 -0.35384841855779425
574 491 -0.43945965834703926
575 320 -0.22203486804796074
576 383 -0.3615903288157322
577 154 -1.0
578 0 -0.7817463320437622
578 1 -0.7817463320437622
578 2 -0.7817463320437622
578 3 -0.7817463320437622
578 4 -0.7817463320437622
578 5 -0.7817463320437622
578 6 -0.7817463320437622
578 7 -0.7817463320437622
578 8 -0.7817463320437622
578 9 -0.7817463320437622
578 10 -0.7817463320437622
578 11 -0.7817463320437622
578 12 -0.7817463320437622
578 13 -0.7817463320437622
578 14 -0.7817463320437622
578 15 -0.7817463320437622
578 16 -0.7817463320437622
578 17 -0.7817463320437622
578 18 -0.7817463320437622
578 19 -0.7817463320437622
578 20 -0.7817463320437622
578 21 -0.7817463320437622
578 22 -0.7817463320437622
578 23 -0.7817463320437622
578 24 -0.7817463320437622
578 25 -0.7817463320437622
578 26 -0.7817463320437622
578 27 -0.7817463320437622
578 28 -0.7817463320437622
578 29 -0.7817463320437622
578 30 -0.7817463320437622
578 31 -0.7817463320437622
578 32 -0.7817463320437622
578 33 -0.7817463320437622
578 34 -0.7817463320437622
578 35 -0.7817463320437622
578 36 -0.7817463320437622
578 37 -0.7817463320437622
578 38 -0.7817463320437622
578 39 -0.7817463320437622
578 40 -0.7817463320437622
578 41 -0.7817463320437622
578 42 -0.7817463320437622
578 43 -0.7817463320437622
578 44 -0.7817463320437622
578 45 -0.7817463320437622
578 46 -0.7817463320437622
578 47 -0.7817463320437622
578 48 -0.7817463320437622
578 49 -0.7817463320437622
578 50 -0.7817463320437622
578 51 -0.7817463320437622
578 52 -0.7817463320437622
578 53 -0.7817463320437622
578 54 -0.7817463320437622
578 55 -0.7817463320437622
578 56 -0.7817463320437622
578 57 -0.7817463320437622
578 58 -0.7817463320437622
578 59 -0.7817463320437622
578 60 -0.7817463320437622
578 61 -0.7817463320437622
578 62 -0.7817463320437622
578 63 -0.7817463320437622
578 64 -0.7817463320437622
578 65 -0.7817463320437622
578 66 -0.7817463320437622
578 67 -0.7817463320437622
578 68 -0.7817463320437622
578 69 -0.7817463320437622
578 70 -0.7817463320437622
578 71 -0.7817463320437622
578 72 -0.7817463320437622
578 73 -0.7817463320437622
578 74 -0.7817463320437622
578 75 -0.7817463320437622
578 76 -0.7817463320437622
578 77 -0.7817463320437622
578 78 -0.7817463320437622
578 79 -0.7817463320437622
578 80 -0.7817463320437622
578 81 -0.7817463320437622
578 82 -0.7817463320437622
578 83 -0.7817463320437622
578 84 -0.7817463320437622
578 85 -0.7817463320437622
578 86 -0.7817463320437622
578 87 -0.7817463320437622
578 88 -0.7817463320437622
578 89 -0.7817463320437622
578 90 -0.7817463320437622
578 91 -0.7817463320437622
578 92 -0.7817463320437622
578 93 -0.7817463320437622
578 94 -0.7817463320437622
578 95 -0.7817463320437622
578 96 -0.7817463320437622
578 97 -0.7817463320437622
578 98 -0.7817463320437622
578 99 -0.7817463320437622
578 100 -0.7817463320437622
578 101 -0.7817463320437622
578 102 -0.7817463320437622
578 103 -0.7817463320437622
578 104 -0.7817463320437622
578 105 -0.7817463320437622
578 106 -0.7817463320437622
578 107 -0.7817463320437622
578 108 -0.7817463320437622
578 109 -0.7817463320437622
578 110 -0.7817463320437622
578 111 -0.7817463320437622
578 112 -0.7817463320437622
578 113 -0.7817463320437622
578 114 -0.7817463320437622
578 115 -0.7817463320437622
578 116 -0.7817463320437622
578 117 -0.7817463320437622
578 118 -0.7817463320437622
578 119 -0.7817463320437622
578 120 -0.7817463320437622
578 121 -0.7817463320437622
578 122 -0.7817463320437622
578 123 -0.7817463320437622
578 124 -0.7817463320437622
578 125 -0.7817463320437622
578 126 -0.7817463320437622
578 127 -0.7817463320437622
578 128 -0.7817463320437622
578 129 -0.7817463320437622
578 130 -0.7817463320437622
578 131 -0.7817463320437622
578 132 -0.7817463320437622
578 133 -0.7817463320437622
578 134 -0.7817463320437622
578 135 -0.7817463320437622
578 136 -0.7817463320437622
578 137 -0.7817463320437622
578 138 -0.7817463320437622
578 139 -0.7817463320437622
578 140 -0.7817463320437622
578 141 -0.7817463320437622
578 142 -0.7817463320437622
578 143 -0.7817463320437622
578 144 -0.7817463320437622
578 145 -0.7817463320437622
578 146 -0.7817463320437622
578 147 -0.7817463320437622
578 148 -0.7817463320437622
578 149 -0.7817463320437622
578 150 -0.7817463320437622
578 151 -0.7817463320437622
578 152 -0.7817463320437622
578 153 -0.7817463320437622
578 154 -0.7817463320437622
578 155 -0.7817463320437622
578 156 -0.7817463320437622
578 157 -0.7817463320437622
578 158 -0.7817463320437622
578 159 -0.7817463320437622
578 160 -0.7817463320437622
578 161 -0.7817463320437622
578 162 -0.7817463320437622
578 163 -0.7817463320437622
578 164 -0.7817463320437622
578 165 -0.7817463320437622
578 166 -0.7817463320437622
578 167 -0.7817463320437622
578 168 -0.7817463320437622
578 169 -0.7817463320437622
578 170 -0.7817463320437622
578 171 -0.7817463320437622
578 172 -0.7817463320437622
578 173 -0.7817463320437622
578 174 -0.7817463320437622
578 175 -0.7817463320437622
578 176 -0.7817463320437622
578 177 -0.7817463320437622
578 178 -0.7817463320437622
578 179 -0.7817463320437622
578 180 -0.7817463320437622
578 181 -0.7817463320437622
578 182 -0.7817463320437622
578 183 -0.7817463320437622
578 184 -0.7817463320437622
578 185 -0.7817463320437622
578 186 -0.7817463320437622
578 187 -0.7817463320437622
578 188 -0.7817463320437622
578 189 -0.7817463320437622
578 190 -0.7817463320437622
578 191 -0.7817463320437622
578 192 -0.7817463320437622
578 193 -0.7817463320437622
578 194 -0.7817463320437622
578 195 -0.7817463320437622
578 196 -0.7817463320437622
578 197 -0.7817463320437622
578 198 -0.7817463320437622
578 199 -0.7817463320437622
578 200 -0.7817463320437622
578 201 -0.7817463320437622
578 202 -0.7817463320437622
578 203 -0.7817463320437622
578 204 -0.7817463320437622
578 205 -0.7817463320437622
578 206 -0.7817463320437622
578 207 -0.7817463320437622
578 208 -0.7817463320437622
578 209 -0.7817463320437622
578 210 -0.7817463320437622
578 211 -0.7817463320437622
578 212 -0.7817463320437622
578 213 -0.7817463320437622
578 214 -0.7817463320437622
578 215 -0.7817463320437622
578 216 -0.7817463320437622
578 217 -0.7817463320437622
578 218 -0.7817463320437622
578 219 -0.7817463320437622
578 220 -0.7817463320437622
578 221 -0.7817463320437622
578 222 -0.7817463320437622
578 223 -0.7817463320437622
578 224 -0.7817463320437622
578 225 -0.7817463320437622
578 226 -0.7817463320437622
578 227 -0.7817463320437622
578 228 -0.7817463320437622
578 229 -0.7817463320437622
578 230 -0.7817463320437622
578 231 -0.7817463320437622
578 232 -0.7817463320437622
578 233 -0.7817463320437622
578 234 -0.7817463320437622
578 235 -0.7817463320437622
578 236 -0.7817463320437622
578 237 -0.7817463320437622
578 238 -0.7817463320437622
578 239 -0.7817463320437622
578 240 -0.7817463320437622
578 241 -0.7817463320437622
578 242 -0.7817463320437622
578 243 -0.7817463320437622
578 244 -0.7817463320437622
578 245 -0.7817463320437622
578 246 -0.7817463320437622
578 247 -0.7817463320437622
578 248 -0.7817463320437622
578 249 -0.7817463320437622
578 250 -0.7817463320437622
578 251 -0.7817463320437622
578 252 -0.7817463320437622
578 253 -0.7817463320437622
578 254 -0.7817463320437622
578 255 -0.7817463320437622
578 256 -0.7817463320437622
578 257 -0.7817463320437622
578 258 -0.7817463320437622
578 259 -0.7817463320437622
578 260 -0.7817463320437622
578 261 -0.7817463320437622
578 262 -0.7817463320437622
578 263 -0.7817463320437622
578 264 -0.7817463320437622
578 265 -0.7817463320437622
578 266 -0.7817463320437622
578 267 -0.7817463320437622
578 268 -0.7817463320437622
578 269 -0.7817463320437622
578 270 -0.7817463320437622
578 271 -0.7817463320437622
578 272 -0.7817463320437622
578 273 -0.7817463320437622
578 274 -0.7817463320437622
578 275 -0.7817463320437622
578 276 -0.7817463320437622
578 277 -0.7817463320437622
578 278 -0.7817463320437622
578 279 -0.7817463320437622
578 280 -0.7817463320437622
578 281 -0.7817463320437622
578 282 -0.7817463320437622
578 283 -0.7817463320437622
578 284 -0.7817463320437622
578 285 -0.7817463320437622
578 286 -0.7817463320437622
578 287 -0.7817463320437622
578 288 -0.7817463320437622
578 289 -0.7817463320437622
578 290 -0.7817463320437622
578 291 -0.7817463320437622
578 292 -0.7817463320437622
578 293 -0.7817463320437622
578 294 -0.7817463320437622
578 295 -0.7817463320437622
578 296 -0.7817463320437622
578 297 -0.7817463320437622
578 298 -0.7817463320437622
578 299 -0.7817463320437622
578 300 -0.7817463320437622
578 301 -0.7817463320437622
578 302 -0.7817463320437622
578 303 -0.7817463320437622
578 304 -0.7817463320437622
578 305 -0.7817463320437622
578 306 -0.7817463320437622
578 307 -0.7817463320437622
578 308 -0.7817463320437622
578 309 -0.7817463320437622
578 310 -0.7817463320437622
578 311 -0.7817463320437622
578 312 -0.7817463320437622
578 313 -0.7817463320437622
578 314 -0.7817463320437622
578 315 -0.7817463320437622
578 316 -0.7817463320437622
578 317 -0.7817463320437622
578 318 -0.7817463320437622
578 319 -0.7817463320437622
578 320 -0.7817463320437622
578 321 -0.7817463320437622
578 322 -0.7817463320437622
578 323 -0.7817463320437622
578 324 -0.7817463320437622
578 325 -0.7817463320437622
578 326 -0.7817463320437622
578 327 -0.7817463320437622
578 328 -0.7817463320437622
578 329 -0.7817463320437622
578 330 -0.7817463320437622
578 331 -0.7817463320437622
578 332 -0.7817463320437622
578 333 -0.7817463320437622
578 334 -0.7817463320437622
578 335 -0.7817463320437622
578 336 -0.7817463320437622
578 337 -0.7817463320437622
578 338 -0.7817463320437622
578 339 -0.7817463320437622
578 340 -0.7817463320437622
578 341 -0.7817463320437622
578 342 -0.7817463320437622
578 343 -0.7817463320437622
578 344 -0.7817463320437622
578 345 -0.7817463320437622
578 346 -0.7817463320437622
578 347 -0.7817463320437622
578 348 -0.7817463320437622
578 349 -0.7817463320437622
578 350 -0.7817463320437622
578 351 -0.7817463320437622
578 352 -0.7817463320437622
578 353 -0.7817463320437622
578 354 -0.7817463320437622
578 355 -0.7817463320437622
578 356 -0.7817463320437622
578 357 -0.7817463320437622
578 358 -0.7817463320437622
578 359 -0.7817463320437622
578 360 -0.7817463320437622
578 361 -0.7817463320437622
578 362 -0.7817463320437622
578 363 -0.7817463320437622
578 364 -0.7817463320437622
578 365 -0.7817463320437622
578 366 -0.7817463320437622
578 367 -0.7817463320437622
578 368 -0.7817463320437622
578 369 -0.7817463320437622
578 370 -0.7817463320437622
578 371 -0.7817463320437622
578 372 -0.7817463320437622
578 373 -0.7817463320437622
578 374 -0.7817463320437622
578 375 -0.7817463320437622
578 376 -0.7817463320437622
578 377 -0.7817463320437622
578 378 -0.7817463320437622
578 379 -0.7817463320437622
578 380 -0.7817463320437622
578 381 -0.7817463320437622
578 382 -0.7817463320437622
578 383 -0.7817463320437622
578 384 -0.7817463320437622
578 385 -0.7817463320437622
578 386 -0.7817463320437622
578 387 -0.7817463320437622
578 388 -0.7817463320437622
578 389 -0.7817463320437622
578 390 -0.7817463320437622
578 391 -0.7817463320437622
578 392 -0.7817463320437622
578 393 -0.7817463320437622
578 394 -0.7817463320437622
578 395 -0.7817463320437622
578 396 -0.7817463320437622
578 397 -0.7817463320437622
578 398 -0.7817463320437622
578 399 -0.7817463320437622
578 400 -0.7817463320437622
578 401 -0.7817463320437622
578 402 -0.7817463320437622
578 403 -0.7817463320437622
578 404 -0.7817463320437622
578 405 -0.7817463320437622
578 406 -0.7817463320437622
578 407 -0.7817463320437622
578 408 -0.7817463320437622
578 409 -0.7817463320437622
578 410 -0.7817463320437622
578 411 -0.7817463320437622
578 412 -0.7817463320437622
578 413 -0.7817463320437622
578 414 -0.7817463320437622
578 415 -0.7817463320437622
578 416 -0.7817463320437622
578 417 -0.7817463320437622
578 418 -0.7817463320437622
578 419 -0.7817463320437622
578 420 -0.7817463320437622
578 421 -0.7817463320437622
578 422 -0.7817463320437622
578 423 -0.7817463320437622
578 424 -0.7817463320437622
578 425 -0.7817463320437622
578 426 -0.7817463320437622
578 427 -0.7817463320437622
578 428 -0.7817463320437622
578 429 -0.7817463320437622
578 430 -0.7817463320437622
578 431 -0.7817463320437622
578 432 -0.7817463320437622
578 433 -0.7817463320437622
578 434 -0.7817463320437622
578 435 -0.7817463320437622
578 436 -0.7817463320437622
578 437 -0.7817463320437622
578 438 -0.7817463320437622
578 439 -0.7817463320437622
578 440 -0.7817463320437622
578 441 -0.7817463320437622
578 442 -0.7817463320437622
578 443 -0.7817463320437622
578 444 -0.7817463320437622
578 445 -0.7817463320437622
578 446 -0.7817463320437622
578 447 -0.7817463320437622
578 448 -0.7817463320437622
578 449 -0.7817463320437622
578 450 -0.7817463320437622
578 451 -0.7817463320437622
578 452 -0.7817463320437622
578 453 -0.7817463320437622
578 454 -0.7817463320437622
578 455 -0.7817463320437622
578 456 -0.7817463320437622
578 457 -0.7817463320437622
578 458 -0.7817463320437622
578 459 -0.7817463320437622
578 460 -0.7817463320437622
578 461 -0.7817463320437622
578 462 -0.7817463320437622
578 463 -0.7817463320437622
578 464 -0.7817463320437622
578 465 -0.7817463320437622
578 466 -0.7817463320437622
578 467 -0.7817463320437622
578 468 -0.7817463320437622
578 469 -0.7817463320437622
578 470 -0.7817463320437622
578 471 -0.7817463320437622
578 472 -0.7817463320437622
578 473 -0.7817463320437622
578 474 -0.7817463320437622
578 475 -0.7817463320437622
578 476 -0.7817463320437622
578 477 -0.7817463320437622
578 478 -0.7817463320437622
578 479 -0.7817463320437622
578 480 -0.7817463320437622
578 481 -0.7817463320437622
578 482 -0.7817463320437622
578 483 -0.7817463320437622
578 484 -0.7817463320437622
578 485 -0.7817463320437622
578 486 -0.7817463320437622
578 487 -0.7817463320437622
578 488 -0.7817463320437622
578 489 -0.7817463320437622
578 490 -0.7817463320437622
578 491 -0.7817463320437622
578 492 -0.7817463320437622
578 493 -0.7817463320437622
578 494 -0.7817463320437622
578 495 -0.7817463320437622
578 496 -0.7817463320437622
578 497 -0.7817463320437622
578 498 -0.7817463320437622
578 499 -0.7817463320437622
578 500 -0.7817463320437622
578 501 -0.7817463320437622
578 502 -0.7817463320437622
578 503 -0.7817463320437622
578 504 -0.7817463320437622
578 505 -0.7817463320437622
578 506 -0.7817463320437622
578 507 -0.7817463320437622
578 508 -0.7817463320437622
578 509 -0.7817463320437622
578 510 -0.7817463320437622
578 511 -0.7817463320437622
578 512 -0.7817463320437622
578 513 -0.7817463320437622
578 514 -0.7817463320437622
578 515 -0.7817463320437622
578 516 -0.7817463320437622
578 517 -0.7817463320437622
578 518 -0.7817463320437622
578 519 -0.7817463320437622
578 520 -0.7817463320437622
578 521 -0.7817463320437622
578 522 -0.7817463320437622
578 523 -0.7817463320437622
578 524 -0.7817463320437622
578 525 -0.7817463320437622
578 526 -0.7817463320437622
578 527 -0.7817463320437622
578 528 -0.7817463320437622
578 529 -0.7817463320437622
578 530 -0.7817463320437622
578 531 -0.7817463320437622
578 532 -0.7817463320437622
578 533 -0.7817463320437622
578 534 -0.7817463320437622
578 535 -0.7817463320437622
578 536 -0.7817463320437622
578 537 -0.7817463320437622
578 538 -0.7817463320437622
578 539 -0.7817463320437622
578 540 -0.7817463320437622
578 541 -0.7817463320437622
578 542 -0.7817463320437622
578 543 -0.7817463320437622
578 544 -0.7817463320437622
578 545 -0.7817463320437622
578 546 -0.7817463320437622
578 547 -0.7817463320437622
578 548 -0.7817463320437622
578 549 -0.7817463320437622
578 550 -0.7817463320437622
578 551 -0.7817463320437622
578 552 -0.7817463320437622
578 553 -0.7817463320437622
578 554 -0.7817463320437622
578 555 -0.7817463320437622
578 556 -0.7817463320437622
578 557 -0.7817463320437622
578 558 -0.7817463320437622
578 559 -0.7817463320437622
578 560 -0.7817463320437622
578 561 -0.7817463320437622
578 562 -0.7817463320437622
578 563 -0.7817463320437622
578 564 -0.7817463320437622
578 565 -0.7817463320437622
578 566 -0.7817463320437622
578 567 -0.7817463320437622
578 568 -0.7817463320437622
578 569 -0.7817463320437622
578 570 -0.7817463320437622
578 571 -0.7817463320437622
578 572 -0.7817463320437622
578 573 -0.7817463320437622
578 574 -0.7817463320437622
578 575 -0.7817463320437622
578 576 -0.7817463320437622
578 577 -0.7817463320437622
578 578 -0.7817463320437622
578 579 -0.7817463320437622
578 580 -0.7817463320437622
578 581 -0.7817463320437622
578 582 -0.7817463320437622
578 583 -0.7817463320437622
578 584 -0.7817463320437622
578 585 -0.7817463320437622
578 586 -0.7817463320437622
578 587 -0.7817463320437622
578 588 -0.7817463320437622
578 589 -0.7817463320437622
578 590 -0.7817463320437622
578 591 -0.7817463320437622
578 592 -0.7817463320437622
578 593 -0.7817463320437622
578 594 -0.7817463320437622
578 595 -0.7817463320437622
578 596 -0.7817463320437622
578 597 -0.7817463320437622
578 598 -0.7817463320437622
578 599 -0.7817463320437622
578 600 -0.7817463320437622
578 601 -0.7817463320437622
578 602 -0.7817463320437622
578 603 -0.7817463320437622
578 604 -0.7817463320437622
578 605 -0.7817463320437622
578 606 -0.7817463320437622
578 607 -0.7817463320437622
578 608 -0.7817463320437622
578 609 -0.7817463320437622
578 610 -0.7817463320437622
578 611 -0.7817463320437622
578 612 -0.7817463320437622
578 613 -0.7817463320437622
578 614 -0.7817463320437622
578 615 -0.7817463320437622
578 616 -0.7817463320437622
578 617 -0.7817463320437622
578 618 -0.7817463320437622
578 619 -0.7817463320437622
578 620 -0.7817463320437622
578 621 -0.7817463320437622
578 622 -0.7817463320437622
578 623 -0.7817463320437622
578 624 -0.7817463320437622
578 625 -0.7817463320437622
578 626 -0.7817463320437622
578 627 -0.7817463320437622
578 628 -0.7817463320437622
578 629 -0.7817463320437622
578 630 -0.7817463320437622
578 631 -0.7817463320437622
578 632 -0.7817463320437622
578 633 -0.7817463320437622
578 634 -0.7817463320437622
578 635 -0.7817463320437622
578 636 -0.7817463320437622
578 637 -0.7817463320437622
578 638 -0.7817463320437622
578 639 -0.7817463320437622
578 640 -0.7817463320437622
578 641 -0.7817463320437622
578 642 -0.7817463320437622
578 643 -0.7817463320437622
578 644 -0.7817463320437622
578 645 -0.7817463320437622
578 646 -0.7817463320437622
578 647 -0.7817463320437622
578 648 -0.7817463320437622
578 649 -0.7817463320437622
578 650 -0.7817463320437622
578 651 -0.7817463320437622
578 652 -0.7817463320437622
578 653 -0.7817463320437622
578 654 -0.7817463320437622
578 655 -0.7817463320437622
578 656 -0.7817463320437622
578 657 -0.7817463320437622
578 658 -0.7817463320437622
578 659 -0.7817463320437622
578 660 -0.7817463320437622
578 661 -0.7817463320437622
578 662 -0.7817463320437622
578 663 -0.7817463320437622
578 664 -0.7817463320437622
578 665 -0.7817463320437622
578 666 -0.7817463320437622
578 667 -0.7817463320437622
578 668 -0.7817463320437622
578 669 -0.7817463320437622
578 670 -0.7817463320437622
578 671 -0.7817463320437622
578 672 -0.7817463320437622
578 673 -0.7817463320437622
578 674 -0.7817463320437622
578 675 -0.7817463320437622
578 676 -0.7817463320437622
578 677 -0.7817463320437622
578 678 -0.7817463320437622
578 679 -0.7817463320437622
578 680 -0.7817463320437622
578 681 -0.7817463320437622
578 682 -0.7817463320437622
578 683 -0.7817463320437622
578 684 -0.7817463320437622
578 685 -0.7817463320437622
578 686 -0.7817463320437622
578 687 -0.7817463320437622
578 688 -0.7817463320437622
578 689 -0.7817463320437622
578 690 -0.7817463320437622
578 691 -0.7817463320437622
578 692 -0.7817463320437622
578 693 -0.7817463320437622
578 694 -0.7817463320437622
578 695 -0.7817463320437622
578 696 -0.7817463320437622
578 697 -0.7817463320437622
578 698 -0.7817463320437622
578 699 -0.7817463320437622
578 700 -0.7817463320437622
578 701 -0.7817463320437622
578 702 -0.7817463320437622
578 703 -0.7817463320437622
578 704 -0.7817463320437622
578 705 -0.7817463320437622
578 706 -0.7817463320437622
578 707 -0.7817463320437622
578 708 -0.7817463320437622
578 709 -0.7817463320437622
578 710 -0.7817463320437622
578 711 -0.7817463320437622
578 712 -0.7817463320437622
578 713 -0.7817463320437622
578 714 -0.7817463320437622
578 715 -0.7817463320437622
578 716 -0.7817463320437622
578 717 -0.7817463320437622
578 718 -0.7817463320437622
578 719 -0.7817463320437622
578 720 -0.7817463320437622
578 721 -0.7817463320437622
578 722 -0.7817463320437622
578 723 -0.7817463320437622
578 724 -0.7817463320437622
578 725 -0.7817463320437622
578 726 -0.7817463320437622
578 727 -0.7817463320437622
578 728 -0.7817463320437622
578 729 -0.7817463320437622
578 730 -0.7817463320437622
578 731 -0.7817463320437622
578 732 -0.7817463320437622
578 733 -0.7817463320437622
578 734 -0.7817463320437622
578 735 -0.7817463320437622
578 736 -0.7817463320437622
578 737 -0.7817463320437622
578 738 -0.7817463320437622
578 739 -0.7817463320437622
578 740 -0.7817463320437622
578 741 -0.7817463320437622
578 742 -0.7817463320437622
578 743 -0.7817463320437622
578 744 -0.7817463320437622
578 745 -0.7817463320437622
578 746 -0.7817463320437622
578 747 -0.7817463320437622
578 748 -0.7817463320437622
578 749 -0.7817463320437622
578 750 -0.7817463320437622
578 751 -0.7817463320437622
578 752 -0.7817463320437622
578 753 -0.7817463320437622
578 754 -0.7817463320437622
578 755 -0.7817463320437622
578 756 -0.7817463320437622
578 757 -0.7817463320437622
578 758 -0.7817463320437622
578 759 -0.7817463320437622
578 760 -0.7817463320437622
578 761 -0.7817463320437622
578 762 -0.7817463320437622
578 763 -0.7817463320437622
578 764 -0.7817463320437622
578 765 -0.7817463320437622
578 766 -0.7817463320437622
578 767 -0.7817463320437622
578 768 -0.7817463320437622
578 769 -0.7817463320437622
578 770 -0.7817463320437622
578 771 -0.7817463320437622
578 772 -0.7817463320437622
578 773 -0.7817463320437622
578 774 -0.7817463320437622
578 775 -0.7817463320437622
578 776 -0.7817463320437622
578 777 -0.7817463320437622
578 778 -0.7817463320437622
578 779 -0.7817463320437622
578 780 -0.7817463320437622
578 781 -0.7817463320437622
578 782 -0.7817463320437622
578 783 -0.7817463320437622
578 784 -0.7817463320437622
578 785 -0.7817463320437622
578 786 -0.7817463320437622
578 787 -0.7817463320437622
578 788 -0.7817463320437622
578 789 -0.7817463320437622
578 790 -0.7817463320437622
578 791 -0.7817463320437622
578 792 -0.7817463320437622
578 793 -0.7817463320437622
578 794 -0.7817463320437622
578 795 -0.7817463320437622
578 796 -0.7817463320437622
578 797 -0.7817463320437622
578 798 -0.7817463320437622
578 799 -0.7817463320437622
578 800 -0.7817463320437622
578 801 -0.7817463320437622
578 802 -0.7817463320437622
578 803 -0.7817463320437622
578 804 -0.7817463320437622
578 805 -0.7817463320437622
578 806 -0.7817463320437622
578 807 -0.7817463320437622
578 808 -0.7817463320437622
578 809 -0.7817463320437622
578 810 -0.7817463320437622
578 811 -0.7817463320437622
578 812 -0.7817463320437622
578 813 -0.7817463320437622
578 814 -0.7817463320437622
578 815 -0.7817463320437622
578 816 -0.7817463320437622
578 817 -0.7817463320437622
578 818 -0.7817463320437622
578 819 -0.7817463320437622
578 820 -0.7817463320437622
578 821 -0.7817463320437622
578 822 -0.7817463320437622
578 823 -0.7817463320437622
578 824 -0.7817463320437622
578 825 -0.7817463320437622
578 826 -0.7817463320437622
578 827 -0.7817463320437622
578 828 -0.7817463320437622
578 829 -0.7817463320437622
578 830 -0.7817463320437622
578 831 -0.7817463320437622
578 832 -0.7817463320437622
578 833 -0.7817463320437622
578 834 -0.7817463320437622
578 835 -0.7817463320437622
578 836 -0.7817463320437622
578 837 -0.7817463320437622
578 838 -0.7817463320437622
578 839 -0.7817463320437622
578 840 -0.7817463320437622
578 841 -0.7817463320437622
578 842 -0.7817463320437622
578 843 -0.7817463320437622
578 844 -0.7817463320437622
578 845 -0.7817463320437622
578 846 -0.7817463320437622
578 847 -0.7817463320437622
578 848 -0.7817463320437622
578 849 -0.7817463320437622
578 850 -0.7817463320437622
578 851 -0.7817463320437622
578 852 -0.7817463320437622
578 853 -0.7817463320437622
578 854 -0.7817463320437622
578 855 -0.7817463320437622
578 856 -0.7817463320437622
578 857 -0.7817463320437622
578 858 -0.7817463320437622
578 859 -0.7817463320437622
578 860 -0.7817463320437622
578 861 -0.7817463320437622
578 862 -0.7817463320437622
578 863 -0.7817463320437622
578 864 -0.7817463320437622
578 865 -0.7817463320437622
578 866 -0.7817463320437622
578 867 -0.7817463320437622
578 868 -0.7817463320437622
578 869 -0.7817463320437622
578 870 -0.7817463320437622
578 871 -0.7817463320437622
578 872 -0.7817463320437622
578 873 -0.7817463320437622
578 874 -0.7817463320437622
578 875 -0.7817463320437622
578 876 -0.7817463320437622
578 877 -0.7817463320437622
578 878 -0.7817463320437622
578 879 -0.7817463320437622
578 880 -0.7817463320437622
578 881 -0.7817463320437622
578 882 -0.7817463320437622
578 883 -0.7817463320437622
578 884 -0.7817463320437622
578 885 -0.7817463320437622
578 886 -0.7817463320437622
578 887 -0.7817463320437622
578 888 -0.7817463320437622
578 889 -0.7817463320437622
578 890 -0.7817463320437622
578 891 -0.7817463320437622
578 892 -0.7817463320437622
578 893 -0.7817463320437622
578 894 -0.7817463320437622
578 895 -0.7817463320437622
578 896 -0.7817463320437622
578 897 -0.7817463320437622
578 898 -0.7817463320437622
578 899 -0.7817463320437622
578 900 -0.7817463320437622
578 901 -0.7817463320437622
578 902 -0.7817463320437622
578 903 -0.7817463320437622
578 904 -0.7817463320437622
578 905 -0.7817463320437622
578 906 -0.7817463320437622
578 907 -0.7817463320437622
578 908 -0.7817463320437622
578 909 -0.7817463320437622
578 910 -0.7817463320437622
578 911 -0.7817463320437622
578 912 -0.7817463320437622
578 913 -0.7817463320437622
578 914 -0.7817463320437622
578 915 -0.7817463320437622
578 916 -0.7817463320437622
578 917 -0.7817463320437622
578 918 -0.7817463320437622
578 919 -0.7817463320437622
578 920 -0.7817463320437622
578 921 -0.7817463320437622
578 922 -0.7817463320437622
578 923 -0.7817463320437622
578 924 -0.7817463320437622
578 925 -0.7817463320437622
578 926 -0.7817463320437622
578 927 -0.7817463320437622
578 928 -0.7817463320437622
578 929 -0.7817463320437622
578 930 -0.7817463320437622
578 931 -0.7817463320437622
578 932 -0.7817463320437622
578 933 -0.7817463320437622
578 934 -0.7817463320437622
578 935 -0.7817463320437622
578 936 -0.7817463320437622
578 937 -0.7817463320437622
578 938 -0.7817463320437622
578 939 -0.7817463320437622
578 940 -0.7817463320437622
578 941 -0.7817463320437622
578 942 -0.7817463320437622
578 943 -0.7817463320437622
578 944 -0.7817463320437622
578 945 -0.7817463320437622
578 946 -0.7817463320437622
578 947 -0.7817463320437622
578 948 -0.7817463320437622
578 949 -0.7817463320437622
578 950 -0.7817463320437622
578 951 -0.7817463320437622
578 952 -0.7817463320437622
578 953 -0.7817463320437622
578 954 -0.7817463320437622
578 955 -0.7817463320437622
578 956 -0.7817463320437622
578 957 -0.7817463320437622
578 958 -0.7817463320437622
578 959 -0.7817463320437622
578 960 -0.7817463320437622
578 961 -0.7817463320437622
578 962 -0.7817463320437622
578 963 -0.7817463320437622
578 964 -0.7817463320437622
578 965 -0.7817463320437622
578 966 -0.7817463320437622
578 967 -0.7817463320437622
578 968 -0.7817463320437622
578 969 -0.7817463320437622
578 970 -0.7817463320437622
578 971 -0.7817463320437622
578 972 -0.7817463320437622
578 973 -0.7817463320437622
578 974 -0.7817463320437622
578 975 -0.7817463320437622
578 976 -0.7817463320437622
578 977 -0.7817463320437622
578 978 -0.7817463320437622
578 979 -0.7817463320437622
578 980 -0.7817463320437622
578 981 -0.7817463320437622
578 982 -0.7817463320437622
578 983 -0.7817463320437622
578 984 -0.7817463320437622
578 985 -0.7817463320437622
578 986 -0.7817463320437622
578 987 -0.7817463320437622
578 988 -0.7817463320437622
578 989 -0.7817463320437622
578 990 -0.7817463320437622
578 991 -0.7817463320437622
578 992 -0.7817463320437622
578 993 -0.7817463320437622
578 994 -0.7817463320437622
578 995 -0.7817463320437622
578 996 -0.7817463320437622
578 997 -0.7817463320437622
578 998 -0.7817463320437622
578 999 -0.7817463320437622
579 586 -1.0
581 349 -0.6280487797360591
582 0 -0.9011693830813807
583 0 -0.46226008058292317
584 494 -1.0
585 506 -0.2950786816061359
586 606 -0.7849447967029437
587 824 -0.7856025999713213
589 494 -0.5199148586699435
590 379 -0.7929220631138616
591 299 -1.0
592 803 -0.9275028866418233
593 827 -0.2859900766417286
594 275 -0.36722881677284563
595 971 -0.2866878463376309
596 741 -0.7857369788561805
597 685 -0.717076278698061
599 216 -0.3517542967336852
600 201 -0.44487862881283335
601 855 -0.47966898666597535
602 235 -0.7760387034997783
603 0 -0.6155364659444829
604 157 -0.9170890706835322
605 0 -0.800662315470264
606 595 -0.3520232618280963
607 0 -0.429208925160347
608 871 -0.9913047314801939
609 286 -0.4777270756379543
610 0 -0.5873224533027946
611 722 -0.6059008770337537
612 0 -0.26162715674595477
613 0 -0.3690778992143948
614 727 -0.90140394356239
615 892 -0.3504060348633864
618 262 -0.7453108733998032
619 747 -0.6083060236338466
620 0 -0.6940422030996954
621 82 -0.8399401236398788
622 168 -0.32842092599627
623 118 -0.6169992542960812
624 108 -0.7004207268610143
625 780 -1.0
626 919 -0.613758544271469
628 448 -0.33393133898049554
629 488 -0.47265650409598664
630 951 -0.6100148161292348
631 256 -0.47614536724331963
632 946 -0.4340324141295136
633 778 -0.9009588908734432
634 909 -0.34580538408955014
635 453 -0.510666429192856
636 0 -0.7519910872417297
637 563 -0.19728985122062773
638 0 -0.47789250475731226
639 264 -0.29267128365581635
641 662 -0.32677580907753573
642 430 -0.7027407941783257
643 500 -0.28880105107735066
645 0 -0.9579748847106335
646 176 -0.2764332781846494
647 628 -0.7368888755037842
648 270 -0.22807635171510793
649 82 -0.22823578929002217
650 254 -0.24957011745601362
651 760 -0.4768221514301683
652 591 -0.8277633592034976
653 184 -0.25648226185690437
654 586 -0.7728585580442862
655 298 -0.6129435381891067
656 749 -0.9871442264744696
657 551 -0.7422438223231888
659 646 -0.5973977725589433
660 632 -0.9324106519750579
661 928 -0.8923488574950489
662 876 -0.38658159811411524
663 0 -0.2001993209460883
664 455 -0.9259452397434026
665 778 -0.6994833857468602
666 0 -0.775639782376117
667 80 -0.36408032090885906
668 740 -0.44678247748323907
669 715 -0.8882373612852259
670 435 -0.2615364684546247
671 554 -0.7740389017497427
672 149 -0.49387038791915516
673 326 -0.35695825330679476
675 895 -0.9359495597594863
676 527 -0.7022118131318841
677 401 -0.6099414306028085
678 486 -0.6757391982853889
679 0 -0.6578790484916356
680 36 -0.7442506358434077
681 879 -0.8909977090982797
682 853 -0.3067861602895683
683 10 -0.9691765301239611
684 870 -0.7850355215018775
685 967 -0.3475163379780038
686 260 -0.8905387737894348
687 552 -0.8473706323112279
688 566 -0.8093609790264992
689 500 -0.38587250005228685
690 658 -0.6307358343529839
692 594 -0.4951261865863543
693 0 -0.9166717047688948
694 35 -0.9341783607695022
695 432 -0.9091074701288772
696 845 -0.934210113867932
697 629 -0.8436988486072564
698 713 -0.567416111576878
699 752 -0.6442565019139682
700 884 -0.7857425311460019
701 596 -0.47484936778577164
702 0 -0.8753402816802461
703 877 -0.43945965834703926
704 228 -0.30644358418706724
705 338 -1.0
706 457 -0.7856025999713213
707 490 -0.7379848169742905
708 244 -0.36189857604259174
709 578 -0.11589080677337332
710 678 -0.6514455895453846
711 259 -0.8914189725842424
712 0 -0.47685714631697207
713 364 -0.9790173588408047
716 192 -0.6207899533590527
717 888 -0.9890137144780466
719 319 -0.22954507052664724
720 0 -0.5825403088752128
721 203 -0.7700576406726944
722 545 -0.7057014542170439
723 705 -0.5854734584777246
724 56 -0.7895394811079012
725 428 -0.9531579949275274
726 0 -0.33249060349662146
728 585 -0.5880802007352012
729 11 -0.6419569116847131
730 329 -0.7076880279909774
732 379 -0.9296368161019046
733 505 -0.48365728551256115
734 0 -0.7531687343739736
735 0 -0.7503175016264194
736 755 -0.5435837782834939
737 857 -0.4771272268897861
738 623 -0.44142430550996725
739 293 -0.5041556311039574
740 870 -0.7630538657727847
741 19 -0.9343625259868756
742 430 -0.9356762990630075
743 814 -0.7848405705714742
744 853 -0.7180066903226702
745 543 -0.3440548490848064
746 554 -0.8833704616579148
747 389 -0.4954608614328063
748 0 -0.2765361157506622
749 480 -0.2857135572251825
750 0 -0.39635135098501056
751 650 -0.8947565221005568
752 818 -0.6432730924162093
753 592 -0.9069233612365929
754 220 -0.36837388216199174
755 994 -0.6422799331364903
756 36 -0.9347234297139596
757 735 -0.7809054551899798
758 210 -0.435281277762002
759 734 -0.9360139687933118
760 658 -0.9336345211726774
761 471 -0.35014528162988473
762 803 -0.9142132034659819
763 674 -0.47503007413465415
764 569 -0.9344791169468385
765 0 -0.7985357039166543
766 684 -0.49095003006252297
768 876 -0.9974078641070793
769 844 -0.782357310686905
770 232 -0.46551460513450005
771 772 -0.5652007199946814
772 0 -0.5041244688366311
773 373 -0.5996761682350684
774 181 -0.5787647090729516
775 753 -0.6207688678196732
776 449 -0.3512713926764884
777 885 -0.7855222485842225
779 926 -0.39772521549420287
780 728 -0.3783379993074916
781 701 -0.7455168113169808
782 609 -0.7502663446843426
783 460 -0.435017135999371
784 383 -1.0
785 0 -0.39023277489477115
786 492 -0.3166480827378275
787 566 -0.288455115946956
788 0 -0.9467286210630924
789 0 -0.4931612763490649
790 359 -0.2645534107397316
791 0 -0.5259196379883775
792 990 -0.22870297341170884
793 767 -0.7779309222063079
794 172 -0.44032991967649443
795 639 -0.7841946020772036
799 29 -0.6091419779182672
800 702 -1.0
801 447 -0.7642673860085489
803 0 -0.6463015582436433
804 140 -0.8383873975392645
805 819 -0.6025980693101815
806 0 -0.5076901703546249
808 314 -0.6188424472760601
809 763 -0.9311786106817306
810 41 -0.8927592997548959
811 697 -0.987616455054602
812 692 -0.6369350784819467
813 249 -0.33321668867513826
814 0 -0.9358933799122349
815 316 -0.9288949968386477
816 500 -0.40730500151961474
817 627 -0.5537063876940985
818 235 -0.8032556840419223
819 0 -0.7677240732823831
820 203 -0.9625845945946021
821 768 -0.5287747536690178
822 187 -0.6995117835078145
823 654 -0.7856373268561405
824 75 -0.7795811070662348
825 733 -0.6561736903460339
826 454 -0.7730804623025918
827 0 -0.6005083123070025
828 754 -0.9254234786736806
829 375 -0.6259403619973454
830 416 -0.3467890371358299
831 528 -0.3860458159281966
832 134 -0.21955117252053735
833 0 -0.2600652848511636
834 388 -0.9255099113756102
836 63 -0.8392156616439884
837 507 -0.778613870573013
838 165 -0.477457601437278
839 387 -0.27876840979656853
840 0 -0.24308140265005648
841 860 -0.5912655986098339
843 498 -0.43759656391599683
844 500 -0.28737305312579803
845 465 -0.2823806109003477
846 829 -0.9350042711261931
847 0 -0.6242427514688743
848 732 -0.4774302211555444
849 310 -0.4224647964543022
851 23 -0.36907758518632433
852 0 -0.7057603823436117
853 542 -0.1520837675641951
854 0 -0.608839530698688
855 0 -0.9683839744635545
856 71 -0.692386099365415
857 508 -0.2772697510372518
858 135 -0.9362379213931041
859 0 -0.7143759981408665
860 0 -0.7710963327259719
861 326 -0.5836686011413429
862 0 -0.202623062985778
863 210 -0.6165286249137841
864 625 -0.4093435211553542
865 422 -0.6089380657751419
866 599 -0.7696195767756071
868 48 -0.39252157199023835
870 945 -0.4638275737992205
871 608 -0.704400724011613
872 0 -0.3884280023389151
873 181 -0.40032470943991505
874 458 -0.46716736586456886
875 537 -1.0
876 0 -0.9276657495467231
878 299 -0.2780295580104949
879 560 -0.2440515097680924
880 453 -0.8818500894280085
881 534 -0.7510395164400626
882 970 -0.5367469648032963
884 671 -0.6364250300167129
885 685 -0.5266676000078463
886 27 -1.0
887 0 -0.849399411767882
888 814 -0.3690337086253382
889 0 -0.428990611330121
890 895 -0.917633308315271
891 126 -0.5993766352854794
893 0 -0.9445822100274036
895 264 -0.9891621137189192
896 43 -0.8627881132060512
897 998 -0.3367090321106097
898 229 -0.5666417407997131
899 610 -0.9349529173553094
900 257 -0.4690574777664838
901 13 -0.9305960683107405
902 902 -0.2887756899094738
903 793 -0.1131068933800437
904 757 -0.6853965740984637
905 472 -0.6073384124584228
906 691 -0.696904810298629
907 0 -0.618702200744909
908 648 -0.5367992340250383
909 264 -0.7670889862133373
910 263 -0.6884225747876584
911 282 -0.7743469325105056
912 226 -0.6232797399611404
913 197 -0.7567242061192889
914 0 -0.9362076887078158
916 0 -0.1537167104961443
917 706 -0.35352920954561623
919 0 -0.4777598128482233
920 0 -0.8532011624300981
921 41 -0.20617884460977895
922 330 -0.3669119572849547
923 107 -0.7594613414656542
924 0 -0.5130954132412145
925 0 -0.9898736519779453
926 373 -0.40481488795150694
927 545 -0.7556571699687086
928 435 -0.47538107915361605
929 740 -0.6956378569930902
930 162 -0.9250724315264642
931 0 -0.6254265828585036
934 0 -0.46079851783568715
935 969 -0.5419797456280036
936 526 -0.8582475174621865
937 19 -0.6169107796513972
938 659 -0.5016480483525132
939 500 -0.5440659173053873
941 623 -0.36522802447551855
942 457 -0.28033552516039895
943 577 -0.6172207184901334
944 587 -0.769136594266011
945 81 -0.6724337841951896
946 132 -0.8009686954393682
947 0 -0.609590720965091
948 0 -0.36275327474057106
949 646 -0.916960713126858
950 639 -0.2937715495686653
951 0 -0.9319574771039275
952 0 -0.9911448145412218
953 507 -0.1990411162524116
954 557 -0.5579112125148538
955 280 -0.46501254682561904
956 628 -1.0
958 0 -0.4835446500401503
959 815 -0.8928668444339993
960 215 -0.37348230512212427
961 87 -0.7797216916645148
963 0 -0.783524154271813
964 0 -0.914181012130487
967 747 -0.6129191691719373
968 666 -0.8947332232800408
969 230 -0.22432279420623785
971 155 -0.6126663505775551
973 819 -0.24885483695126306
974 904 -0.6929076590012134
975 0 -0.7189027275628265
976 675 -0.4501635426416064
977 158 -0.8621421106900101
978 552 -0.6033388614018941
979 618 -0.5671096165280044
980 0 -0.9300269639466634
981 73 -0.8972849115034754
982 650 -0.7792180743623541
983 308 -0.47776263332350305
984 745 -0.9020536634345812
985 577 -0.7527121764863938
986 582 -0.5580479826117372
987 527 -0.47680318609126726
988 144 -0.2875585674371813
989 94 -0.3632312791296635
990 24 -0.6149022917954035
991 822 -0.44337119733972236
992 629 -0.46752661665620787
993 613 -0.5220787765722703
994 0 -0.4705024358671042
996 813 -0.09298840757371442
997 740 -0.8812309388933379
998 84 -0.5016019566498741
999 667 -0.995768527398473
