0 0 -554.9305237759249
0 1 -554.9305237759249
0 2 -554.9305237759249
0 3 -554.9305237759249
0 4 -554.9305237759249
0 5 -554.9305237759249
0 6 -554.9305237759249
0 7 -554.9305237759249
0 8 -554.9305237759249
0 9 -554.9305237759249
0 10 -554.9305237759249
0 11 -554.9305237759249
0 12 -554.9305237759249
0 13 -554.9305237759249
0 14 -554.9305237759249
0 15 -554.9305237759249
0 16 -554.9305237759249
0 17 -554.9305237759249
0 18 -554.9305237759249
0 19 -554.9305237759249
0 20 -554.9305237759249
0 21 -554.9305237759249
0 22 -554.9305237759249
0 23 -554.9305237759249
0 24 -554.9305237759249
0 25 -554.9305237759249
0 26 -554.9305237759249
0 27 -554.9305237759249
0 28 -554.9305237759249
0 29 -554.9305237759249
0 30 -554.9305237759249
0 31 -554.9305237759249
0 32 -554.9305237759249
0 33 -554.9305237759249
0 34 -554.9305237759249
0 35 -554.9305237759249
0 36 -554.9305237759249
0 37 -554.9305237759249
0 38 -554.9305237759249
0 39 -554.9305237759249
0 40 -554.9305237759249
0 41 -554.9305237759249
0 42 -554.9305237759249
0 43 -554.9305237759249
0 44 -554.9305237759249
0 45 -554.9305237759249
0 46 -554.9305237759249
0 47 -554.9305237759249
0 48 -554.9305237759249
0 49 -554.9305237759249
0 50 -554.9305237759249
0 51 -554.9305237759249
0 52 -554.9305237759249
0 53 -554.9305237759249
0 54 -554.9305237759249
0 55 -554.9305237759249
0 56 -554.9305237759249
0 57 -554.9305237759249
0 58 -554.9305237759249
0 59 -554.9305237759249
0 60 -554.9305237759249
0 61 -554.9305237759249
0 62 -554.9305237759249
0 63 -554.9305237759249
0 64 -554.9305237759249
0 65 -554.9305237759249
0 66 -554.9305237759249
0 67 -554.9305237759249
0 68 -554.9305237759249
0 69 -554.9305237759249
0 70 -554.9305237759249
0 71 -554.9305237759249
0 72 -554.9305237759249
0 73 -554.9305237759249
0 74 -554.9305237759249
0 75 -554.9305237759249
0 76 -554.9305237759249
0 77 -554.9305237759249
0 78 -554.9305237759249
0 79 -554.9305237759249
0 80 -554.9305237759249
0 81 -554.9305237759249
0 82 -554.9305237759249
0 83 -554.9305237759249
0 84 -554.9305237759249
0 85 -554.9305237759249
0 86 -554.9305237759249
0 87 -554.9305237759249
0 88 -554.9305237759249
0 89 -554.9305237759249
0 90 -554.9305237759249
0 91 -554.9305237759249
0 92 -554.9305237759249
0 93 -554.9305237759249
0 94 -554.9305237759249
0 95 -554.9305237759249
0 96 -554.9305237759249
0 97 -554.9305237759249
0 98 -554.9305237759249
0 99 -554.9305237759249
0 100 -554.9305237759249
0 101 -554.9305237759249
0 102 -554.9305237759249
0 103 -554.9305237759249
0 104 -554.9305237759249
0 105 -554.9305237759249
0 106 -554.9305237759249
0 107 -554.9305237759249
0 108 -554.9305237759249
0 109 -554.9305237759249
0 110 -554.9305237759249
0 111 -554.9305237759249
0 112 -554.9305237759249
0 113 -554.9305237759249
0 114 -554.9305237759249
0 115 -554.9305237759249
0 116 -554.9305237759249
0 117 -554.9305237759249
0 118 -554.9305237759249
0 119 -554.9305237759249
0 120 -554.9305237759249
0 121 -554.9305237759249
0 122 -554.9305237759249
0 123 -554.9305237759249
0 124 -554.9305237759249
0 125 -554.9305237759249
0 126 -554.9305237759249
0 127 -554.9305237759249
0 128 -554.9305237759249
0 129 -554.9305237759249
0 130 -554.9305237759249
0 131 -554.9305237759249
0 132 -554.9305237759249
0 133 -554.9305237759249
0 134 -554.9305237759249
0 135 -554.9305237759249
0 136 -554.9305237759249
0 137 -554.9305237759249
0 138 -554.9305237759249
0 139 -554.9305237759249
0 140 -554.9305237759249
0 141 -554.9305237759249
0 142 -554.9305237759249
0 143 -554.9305237759249
0 144 -554.9305237759249
0 145 -554.9305237759249
0 146 -554.9305237759249
0 147 -554.9305237759249
0 148 -554.9305237759249
0 149 -554.9305237759249
0 150 -554.9305237759249
0 151 -554.9305237759249
0 152 -554.9305237759249
0 153 -554.9305237759249
0 154 -554.9305237759249
0 155 -554.9305237759249
0 156 -554.9305237759249
0 157 -554.9305237759249
0 158 -554.9305237759249
0 159 -554.9305237759249
0 160 -554.9305237759249
0 161 -554.9305237759249
0 162 -554.9305237759249
0 163 -554.9305237759249
0 164 -554.9305237759249
0 165 -554.9305237759249
0 166 -554.9305237759249
0 167 -554.9305237759249
0 168 -554.9305237759249
0 169 -554.9305237759249
0 170 -554.9305237759249
0 171 -554.9305237759249
0 172 -554.9305237759249
0 173 -554.9305237759249
0 174 -554.9305237759249
0 175 -554.9305237759249
0 176 -554.9305237759249
0 177 -554.9305237759249
0 178 -554.9305237759249
0 179 -554.9305237759249
0 180 -554.9305237759249
0 181 -554.9305237759249
0 182 -554.9305237759249
0 183 -554.9305237759249
0 184 -554.9305237759249
0 185 -554.9305237759249
0 186 -554.9305237759249
0 187 -554.9305237759249
0 188 -554.9305237759249
0 189 -554.9305237759249
0 190 -554.9305237759249
0 191 -554.9305237759249
0 192 -554.9305237759249
0 193 -554.9305237759249
0 194 -554.9305237759249
0 195 -554.9305237759249
0 196 -554.9305237759249
0 197 -554.9305237759249
0 198 -554.9305237759249
0 199 -554.9305237759249
0 200 -554.9305237759249
0 201 -554.9305237759249
0 202 -554.9305237759249
0 203 -554.9305237759249
0 204 -554.9305237759249
0 205 -554.9305237759249
0 206 -554.9305237759249
0 207 -554.9305237759249
0 208 -554.9305237759249
0 209 -554.9305237759249
0 210 -554.9305237759249
0 211 -554.9305237759249
0 212 -554.9305237759249
0 213 -554.9305237759249
0 214 -554.9305237759249
0 215 -554.9305237759249
0 216 -554.9305237759249
0 217 -554.9305237759249
0 218 -554.9305237759249
0 219 -554.9305237759249
0 220 -554.9305237759249
0 221 -554.9305237759249
0 222 -554.9305237759249
0 223 -554.9305237759249
0 224 -554.9305237759249
0 225 -554.9305237759249
0 226 -554.9305237759249
0 227 -554.9305237759249
0 228 -554.9305237759249
0 229 -554.9305237759249
0 230 -554.9305237759249
0 231 -554.9305237759249
0 232 -554.9305237759249
0 233 -554.9305237759249
0 234 -554.9305237759249
0 235 -554.9305237759249
0 236 -554.9305237759249
0 237 -554.9305237759249
0 238 -554.9305237759249
0 239 -554.9305237759249
0 240 -554.9305237759249
0 241 -554.9305237759249
0 242 -554.9305237759249
0 243 -554.9305237759249
0 244 -554.9305237759249
0 245 -554.9305237759249
0 246 -554.9305237759249
0 247 -554.9305237759249
0 248 -554.9305237759249
0 249 -554.9305237759249
0 250 -554.9305237759249
0 251 -554.9305237759249
0 252 -554.9305237759249
0 253 -554.9305237759249
0 254 -554.9305237759249
0 255 -554.9305237759249
0 256 -554.9305237759249
0 257 -554.9305237759249
0 258 -554.9305237759249
0 259 -554.9305237759249
0 260 -554.9305237759249
0 261 -554.9305237759249
0 262 -554.9305237759249
0 263 -554.9305237759249
0 264 -554.9305237759249
0 265 -554.9305237759249
0 266 -554.9305237759249
0 267 -554.9305237759249
0 268 -554.9305237759249
0 269 -554.9305237759249
0 270 -554.9305237759249
0 271 -554.9305237759249
0 272 -554.9305237759249
0 273 -554.9305237759249
0 274 -554.9305237759249
0 275 -554.9305237759249
0 276 -554.9305237759249
0 277 -554.9305237759249
0 278 -554.9305237759249
0 279 -554.9305237759249
0 280 -554.9305237759249
0 281 -554.9305237759249
0 282 -554.9305237759249
0 283 -554.9305237759249
0 284 -554.9305237759249
0 285 -554.9305237759249
0 286 -554.9305237759249
0 287 -554.9305237759249
0 288 -554.9305237759249
0 289 -554.9305237759249
0 290 -554.9305237759249
0 291 -554.9305237759249
0 292 -554.9305237759249
0 293 -554.9305237759249
0 294 -554.9305237759249
0 295 -554.9305237759249
0 296 -554.9305237759249
0 297 -554.9305237759249
0 298 -554.9305237759249
0 299 -554.9305237759249
0 300 -554.9305237759249
0 301 -554.9305237759249
0 302 -554.9305237759249
0 303 -554.9305237759249
0 304 -554.9305237759249
0 305 -554.9305237759249
0 306 -554.9305237759249
0 307 -554.9305237759249
0 308 -554.9305237759249
0 309 -554.9305237759249
0 310 -554.9305237759249
0 311 -554.9305237759249
0 312 -554.9305237759249
0 313 -554.9305237759249
0 314 -554.9305237759249
0 315 -554.9305237759249
0 316 -554.9305237759249
0 317 -554.9305237759249
0 318 -554.9305237759249
0 319 -554.9305237759249
0 320 -554.9305237759249
0 321 -554.9305237759249
0 322 -554.9305237759249
0 323 -554.9305237759249
0 324 -554.9305237759249
0 325 -554.9305237759249
0 326 -554.9305237759249
0 327 -554.9305237759249
0 328 -554.9305237759249
0 329 -554.9305237759249
0 330 -554.9305237759249
0 331 -554.9305237759249
0 332 -554.9305237759249
0 333 -554.9305237759249
0 334 -554.9305237759249
0 335 -554.9305237759249
0 336 -554.9305237759249
0 337 -554.9305237759249
0 338 -554.9305237759249
0 339 -554.9305237759249
0 340 -554.9305237759249
0 341 -554.9305237759249
0 342 -554.9305237759249
0 343 -554.9305237759249
0 344 -554.9305237759249
0 345 -554.9305237759249
0 346 -554.9305237759249
0 347 -554.9305237759249
0 348 -554.9305237759249
0 349 -554.9305237759249
0 350 -554.9305237759249
0 351 -554.9305237759249
0 352 -554.9305237759249
0 353 -554.9305237759249
0 354 -554.9305237759249
0 355 -554.9305237759249
0 356 -554.9305237759249
0 357 -554.9305237759249
0 358 -554.9305237759249
0 359 -554.9305237759249
0 360 -554.9305237759249
0 361 -554.9305237759249
0 362 -554.9305237759249
0 363 -554.9305237759249
0 364 -554.9305237759249
0 365 -554.9305237759249
0 366 -554.9305237759249
0 367 -554.9305237759249
0 368 -554.9305237759249
0 369 -554.9305237759249
0 370 -554.9305237759249
0 371 -554.9305237759249
0 372 -554.9305237759249
0 373 -554.9305237759249
0 374 -554.9305237759249
0 375 -554.9305237759249
0 376 -554.9305237759249
0 377 -554.9305237759249
0 378 -554.9305237759249
0 379 -554.9305237759249
0 380 -554.9305237759249
0 381 -554.9305237759249
0 382 -554.9305237759249
0 383 -554.9305237759249
0 384 -554.9305237759249
0 385 -554.9305237759249
0 386 -554.9305237759249
0 387 -554.9305237759249
0 388 -554.9305237759249
0 389 -554.9305237759249
0 390 -554.9305237759249
0 391 -554.9305237759249
0 392 -554.9305237759249
0 393 -554.9305237759249
0 394 -554.9305237759249
0 395 -554.9305237759249
0 396 -554.9305237759249
0 397 -554.9305237759249
0 398 -554.9305237759249
0 399 -554.9305237759249
0 400 -554.9305237759249
0 401 -554.9305237759249
0 402 -554.9305237759249
0 403 -554.9305237759249
0 404 -554.9305237759249
0 405 -554.9305237759249
0 406 -554.9305237759249
0 407 -554.9305237759249
0 408 -554.9305237759249
0 409 -554.9305237759249
0 410 -554.9305237759249
0 411 -554.9305237759249
0 412 -554.9305237759249
0 413 -554.9305237759249
0 414 -554.9305237759249
0 415 -554.9305237759249
0 416 -554.9305237759249
0 417 -554.9305237759249
0 418 -554.9305237759249
0 419 -554.9305237759249
0 420 -554.9305237759249
0 421 -554.9305237759249
0 422 -554.9305237759249
0 423 -554.9305237759249
0 424 -554.9305237759249
0 425 -554.9305237759249
0 426 -554.9305237759249
0 427 -554.9305237759249
0 428 -554.9305237759249
0 429 -554.9305237759249
0 430 -554.9305237759249
0 431 -554.9305237759249
0 432 -554.9305237759249
0 433 -554.9305237759249
0 434 -554.9305237759249
0 435 -554.9305237759249
0 436 -554.9305237759249
0 437 -554.9305237759249
0 438 -554.9305237759249
0 439 -554.9305237759249
0 440 -554.9305237759249
0 441 -554.9305237759249
0 442 -554.9305237759249
0 443 -554.9305237759249
0 444 -554.9305237759249
0 445 -554.9305237759249
0 446 -554.9305237759249
0 447 -554.9305237759249
0 448 -554.9305237759249
0 449 -554.9305237759249
0 450 -554.9305237759249
0 451 -554.9305237759249
0 452 -554.9305237759249
0 453 -554.9305237759249
0 454 -554.9305237759249
0 455 -554.9305237759249
0 456 -554.9305237759249
0 457 -554.9305237759249
0 458 -554.9305237759249
0 459 -554.9305237759249
0 460 -554.9305237759249
0 461 -554.9305237759249
0 462 -554.9305237759249
0 463 -554.9305237759249
0 464 -554.9305237759249
0 465 -554.9305237759249
0 466 -554.9305237759249
0 467 -554.9305237759249
0 468 -554.9305237759249
0 469 -554.9305237759249
0 470 -554.9305237759249
0 471 -554.9305237759249
0 472 -554.9305237759249
0 473 -554.9305237759249
0 474 -554.9305237759249
0 475 -554.9305237759249
0 476 -554.9305237759249
0 477 -554.9305237759249
0 478 -554.9305237759249
0 479 -554.9305237759249
0 480 -554.9305237759249
0 481 -554.9305237759249
0 482 -554.9305237759249
0 483 -554.9305237759249
0 484 -554.9305237759249
0 485 -554.9305237759249
0 486 -554.9305237759249
0 487 -554.9305237759249
0 488 -554.9305237759249
0 489 -554.9305237759249
0 490 -554.9305237759249
0 491 -554.9305237759249
0 492 -554.9305237759249
0 493 -554.9305237759249
0 494 -554.9305237759249
0 495 -554.9305237759249
0 496 -554.9305237759249
0 497 -554.9305237759249
0 498 -554.9305237759249
0 499 -554.9305237759249
0 500 -554.9305237759249
0 501 -554.9305237759249
0 502 -554.9305237759249
0 503 -554.9305237759249
0 504 -554.9305237759249
0 505 -554.9305237759249
0 506 -554.9305237759249
0 507 -554.9305237759249
0 508 -554.9305237759249
0 509 -554.9305237759249
0 510 -554.9305237759249
0 511 -554.9305237759249
0 512 -554.9305237759249
0 513 -554.9305237759249
0 514 -554.9305237759249
0 515 -554.9305237759249
0 516 -554.9305237759249
0 517 -554.9305237759249
0 518 -554.9305237759249
0 519 -554.9305237759249
0 520 -554.9305237759249
0 521 -554.9305237759249
0 522 -554.9305237759249
0 523 -554.9305237759249
0 524 -554.9305237759249
0 525 -554.9305237759249
0 526 -554.9305237759249
0 527 -554.9305237759249
0 528 -554.9305237759249
0 529 -554.9305237759249
0 530 -554.9305237759249
0 531 -554.9305237759249
0 532 -554.9305237759249
0 533 -554.9305237759249
0 534 -554.9305237759249
0 535 -554.9305237759249
0 536 -554.9305237759249
0 537 -554.9305237759249
0 538 -554.9305237759249
0 539 -554.9305237759249
0 540 -554.9305237759249
0 541 -554.9305237759249
0 542 -554.9305237759249
0 543 -554.9305237759249
0 544 -554.9305237759249
0 545 -554.9305237759249
0 546 -554.9305237759249
0 547 -554.9305237759249
0 548 -554.9305237759249
0 549 -554.9305237759249
0 550 -554.9305237759249
0 551 -554.9305237759249
0 552 -554.9305237759249
0 553 -554.9305237759249
0 554 -554.9305237759249
0 555 -554.9305237759249
0 556 -554.9305237759249
0 557 -554.9305237759249
0 558 -554.9305237759249
0 559 -554.9305237759249
0 560 -554.9305237759249
0 561 -554.9305237759249
0 562 -554.9305237759249
0 563 -554.9305237759249
0 564 -554.9305237759249
0 565 -554.9305237759249
0 566 -554.9305237759249
0 567 -554.9305237759249
0 568 -554.9305237759249
0 569 -554.9305237759249
0 570 -554.9305237759249
0 571 -554.9305237759249
0 572 -554.9305237759249
0 573 -554.9305237759249
0 574 -554.9305237759249
0 575 -554.9305237759249
0 576 -554.9305237759249
0 577 -554.9305237759249
0 578 -554.9305237759249
0 579 -554.9305237759249
0 580 -554.9305237759249
0 581 -554.9305237759249
0 582 -554.9305237759249
0 583 -554.9305237759249
0 584 -554.9305237759249
0 585 -554.9305237759249
0 586 -554.9305237759249
0 587 -554.9305237759249
0 588 -554.9305237759249
0 589 -554.9305237759249
0 590 -554.9305237759249
0 591 -554.9305237759249
0 592 -554.9305237759249
0 593 -554.9305237759249
0 594 -554.9305237759249
0 595 -554.9305237759249
0 596 -554.9305237759249
0 597 -554.9305237759249
0 598 -554.9305237759249
0 599 -554.9305237759249
0 600 -554.9305237759249
0 601 -554.9305237759249
0 602 -554.9305237759249
0 603 -554.9305237759249
0 604 -554.9305237759249
0 605 -554.9305237759249
0 606 -554.9305237759249
0 607 -554.9305237759249
0 608 -554.9305237759249
0 609 -554.9305237759249
0 610 -554.9305237759249
0 611 -554.9305237759249
0 612 -554.9305237759249
0 613 -554.9305237759249
0 614 -554.9305237759249
0 615 -554.9305237759249
0 616 -554.9305237759249
0 617 -554.9305237759249
0 618 -554.9305237759249
0 619 -554.9305237759249
0 620 -554.9305237759249
0 621 -554.9305237759249
0 622 -554.9305237759249
0 623 -554.9305237759249
0 624 -554.9305237759249
0 625 -554.9305237759249
0 626 -554.9305237759249
0 627 -554.9305237759249
0 628 -554.9305237759249
0 629 -554.9305237759249
0 630 -554.9305237759249
0 631 -554.9305237759249
0 632 -554.9305237759249
0 633 -554.9305237759249
0 634 -554.9305237759249
0 635 -554.9305237759249
0 636 -554.9305237759249
0 637 -554.9305237759249
0 638 -554.9305237759249
0 639 -554.9305237759249
0 640 -554.9305237759249
0 641 -554.9305237759249
0 642 -554.9305237759249
0 643 -554.9305237759249
0 644 -554.9305237759249
0 645 -554.9305237759249
0 646 -554.9305237759249
0 647 -554.9305237759249
0 648 -554.9305237759249
0 649 -554.9305237759249
0 650 -554.9305237759249
0 651 -554.9305237759249
0 652 -554.9305237759249
0 653 -554.9305237759249
0 654 -554.9305237759249
0 655 -554.9305237759249
0 656 -554.9305237759249
0 657 -554.9305237759249
0 658 -554.9305237759249
0 659 -554.9305237759249
0 660 -554.9305237759249
0 661 -554.9305237759249
0 662 -554.9305237759249
0 663 -554.9305237759249
0 664 -554.9305237759249
0 665 -554.9305237759249
0 666 -554.9305237759249
0 667 -554.9305237759249
0 668 -554.9305237759249
0 669 -554.9305237759249
0 670 -554.9305237759249
0 671 -554.9305237759249
0 672 -554.9305237759249
0 673 -554.9305237759249
0 674 -554.9305237759249
0 675 -554.9305237759249
0 676 -554.9305237759249
0 677 -554.9305237759249
0 678 -554.9305237759249
0 679 -554.9305237759249
0 680 -554.9305237759249
0 681 -554.9305237759249
0 682 -554.9305237759249
0 683 -554.9305237759249
0 684 -554.9305237759249
0 685 -554.9305237759249
0 686 -554.9305237759249
0 687 -554.9305237759249
0 688 -554.9305237759249
0 689 -554.9305237759249
0 690 -554.9305237759249
0 691 -554.9305237759249
0 692 -554.9305237759249
0 693 -554.9305237759249
0 694 -554.9305237759249
0 695 -554.9305237759249
0 696 -554.9305237759249
0 697 -554.9305237759249
0 698 -554.9305237759249
0 699 -554.9305237759249
0 700 -554.9305237759249
0 701 -554.9305237759249
0 702 -554.9305237759249
0 703 -554.9305237759249
0 704 -554.9305237759249
0 705 -554.9305237759249
0 706 -554.9305237759249
0 707 -554.9305237759249
0 708 -554.9305237759249
0 709 -554.9305237759249
0 710 -554.9305237759249
0 711 -554.9305237759249
0 712 -554.9305237759249
0 713 -554.9305237759249
0 714 -554.9305237759249
0 715 -554.9305237759249
0 716 -554.9305237759249
0 717 -554.9305237759249
0 718 -554.9305237759249
0 719 -554.9305237759249
0 720 -554.9305237759249
0 721 -554.9305237759249
0 722 -554.9305237759249
0 723 -554.9305237759249
0 724 -554.9305237759249
0 725 -554.9305237759249
0 726 -554.9305237759249
0 727 -554.9305237759249
0 728 -554.9305237759249
0 729 -554.9305237759249
0 730 -554.9305237759249
0 731 -554.9305237759249
0 732 -554.9305237759249
0 733 -554.9305237759249
0 734 -554.9305237759249
0 735 -554.9305237759249
0 736 -554.9305237759249
0 737 -554.9305237759249
0 738 -554.9305237759249
0 739 -554.9305237759249
0 740 -554.9305237759249
0 741 -554.9305237759249
0 742 -554.9305237759249
0 743 -554.9305237759249
0 744 -554.9305237759249
0 745 -554.9305237759249
0 746 -554.9305237759249
0 747 -554.9305237759249
0 748 -554.9305237759249
0 749 -554.9305237759249
0 750 -554.9305237759249
0 751 -554.9305237759249
0 752 -554.9305237759249
0 753 -554.9305237759249
0 754 -554.9305237759249
0 755 -554.9305237759249
0 756 -554.9305237759249
0 757 -554.9305237759249
0 758 -554.9305237759249
0 759 -554.9305237759249
0 760 -554.9305237759249
0 761 -554.9305237759249
0 762 -554.9305237759249
0 763 -554.9305237759249
0 764 -554.9305237759249
0 765 -554.9305237759249
0 766 -554.9305237759249
0 767 -554.9305237759249
0 768 -554.9305237759249
0 769 -554.9305237759249
0 770 -554.9305237759249
0 771 -554.9305237759249
0 772 -554.9305237759249
0 773 -554.9305237759249
0 774 -554.9305237759249
0 775 -554.9305237759249
0 776 -554.9305237759249
0 777 -554.9305237759249
0 778 -554.9305237759249
0 779 -554.9305237759249
0 780 -554.9305237759249
0 781 -554.9305237759249
0 782 -554.9305237759249
0 783 -554.9305237759249
0 784 -554.9305237759249
0 785 -554.9305237759249
0 786 -554.9305237759249
0 787 -554.9305237759249
0 788 -554.9305237759249
0 789 -554.9305237759249
0 790 -554.9305237759249
0 791 -554.9305237759249
0 792 -554.9305237759249
0 793 -554.9305237759249
0 794 -554.9305237759249
0 795 -554.9305237759249
0 796 -554.9305237759249
0 797 -554.9305237759249
0 798 -554.9305237759249
0 799 -554.9305237759249
0 800 -554.9305237759249
0 801 -554.9305237759249
0 802 -554.9305237759249
0 803 -554.9305237759249
0 804 -554.9305237759249
0 805 -554.9305237759249
0 806 -554.9305237759249
0 807 -554.9305237759249
0 808 -554.9305237759249
0 809 -554.9305237759249
0 810 -554.9305237759249
0 811 -554.9305237759249
0 812 -554.9305237759249
0 813 -554.9305237759249
0 814 -554.9305237759249
0 815 -554.9305237759249
0 816 -554.9305237759249
0 817 -554.9305237759249
0 818 -554.9305237759249
0 819 -554.9305237759249
0 820 -554.9305237759249
0 821 -554.9305237759249
0 822 -554.9305237759249
0 823 -554.9305237759249
0 824 -554.9305237759249
0 825 -554.9305237759249
0 826 -554.9305237759249
0 827 -554.9305237759249
0 828 -554.9305237759249
0 829 -554.9305237759249
0 830 -554.9305237759249
0 831 -554.9305237759249
0 832 -554.9305237759249
0 833 -554.9305237759249
0 834 -554.9305237759249
0 835 -554.9305237759249
0 836 -554.9305237759249
0 837 -554.9305237759249
0 838 -554.9305237759249
0 839 -554.9305237759249
0 840 -554.9305237759249
0 841 -554.9305237759249
0 842 -554.9305237759249
0 843 -554.9305237759249
0 844 -554.9305237759249
0 845 -554.9305237759249
0 846 -554.9305237759249
0 847 -554.9305237759249
0 848 -554.9305237759249
0 849 -554.9305237759249
0 850 -554.9305237759249
0 851 -554.9305237759249
0 852 -554.9305237759249
0 853 -554.9305237759249
0 854 -554.9305237759249
0 855 -554.9305237759249
0 856 -554.9305237759249
0 857 -554.9305237759249
0 858 -554.9305237759249
0 859 -554.9305237759249
0 860 -554.9305237759249
0 861 -554.9305237759249
0 862 -554.9305237759249
0 863 -554.9305237759249
0 864 -554.9305237759249
0 865 -554.9305237759249
0 866 -554.9305237759249
0 867 -554.9305237759249
0 868 -554.9305237759249
0 869 -554.9305237759249
0 870 -554.9305237759249
0 871 -554.9305237759249
0 872 -554.9305237759249
0 873 -554.9305237759249
0 874 -554.9305237759249
0 875 -554.9305237759249
0 876 -554.9305237759249
0 877 -554.9305237759249
0 878 -554.9305237759249
0 879 -554.9305237759249
0 880 -554.9305237759249
0 881 -554.9305237759249
0 882 -554.9305237759249
0 883 -554.9305237759249
0 884 -554.9305237759249
0 885 -554.9305237759249
0 886 -554.9305237759249
0 887 -554.9305237759249
0 888 -554.9305237759249
0 889 -554.9305237759249
0 890 -554.9305237759249
0 891 -554.9305237759249
0 892 -554.9305237759249
0 893 -554.9305237759249
0 894 -554.9305237759249
0 895 -554.9305237759249
0 896 -554.9305237759249
0 897 -554.9305237759249
0 898 -554.9305237759249
0 899 -554.9305237759249
0 900 -554.9305237759249
0 901 -554.9305237759249
0 902 -554.9305237759249
0 903 -554.9305237759249
0 904 -554.9305237759249
0 905 -554.9305237759249
0 906 -554.9305237759249
0 907 -554.9305237759249
0 908 -554.9305237759249
0 909 -554.9305237759249
0 910 -554.9305237759249
0 911 -554.9305237759249
0 912 -554.9305237759249
0 913 -554.9305237759249
0 914 -554.9305237759249
0 915 -554.9305237759249
0 916 -554.9305237759249
0 917 -554.9305237759249
0 918 -554.9305237759249
0 919 -554.9305237759249
0 920 -554.9305237759249
0 921 -554.9305237759249
0 922 -554.9305237759249
0 923 -554.9305237759249
0 924 -554.9305237759249
0 925 -554.9305237759249
0 926 -554.9305237759249
0 927 -554.9305237759249
0 928 -554.9305237759249
0 929 -554.9305237759249
0 930 -554.9305237759249
0 931 -554.9305237759249
0 932 -554.9305237759249
0 933 -554.9305237759249
0 934 -554.9305237759249
0 935 -554.9305237759249
0 936 -554.9305237759249
0 937 -554.9305237759249
0 938 -554.9305237759249
0 939 -554.9305237759249
0 940 -554.9305237759249
0 941 -554.9305237759249
0 942 -554.9305237759249
0 943 -554.9305237759249
0 944 -554.9305237759249
0 945 -554.9305237759249
0 946 -554.9305237759249
0 947 -554.9305237759249
0 948 -554.9305237759249
0 949 -554.9305237759249
0 950 -554.9305237759249
0 951 -554.9305237759249
0 952 -554.9305237759249
0 953 -554.9305237759249
0 954 -554.9305237759249
0 955 -554.9305237759249
0 956 -554.9305237759249
0 957 -554.9305237759249
0 958 -554.9305237759249
0 959 -554.9305237759249
0 960 -554.9305237759249
0 961 -554.9305237759249
0 962 -554.9305237759249
0 963 -554.9305237759249
0 964 -554.9305237759249
0 965 -554.9305237759249
0 966 -554.9305237759249
0 967 -554.9305237759249
0 968 -554.9305237759249
0 969 -554.9305237759249
0 970 -554.9305237759249
0 971 -554.9305237759249
0 972 -554.9305237759249
0 973 -554.9305237759249
0 974 -554.9305237759249
0 975 -554.9305237759249
0 976 -554.9305237759249
0 977 -554.9305237759249
0 978 -554.9305237759249
0 979 -554.9305237759249
0 980 -554.9305237759249
0 981 -554.9305237759249
0 982 -554.9305237759249
0 983 -554.9305237759249
0 984 -554.9305237759249
0 985 -554.9305237759249
0 986 -554.9305237759249
0 987 -554.9305237759249
0 988 -554.9305237759249
0 989 -554.9305237759249
0 990 -554.9305237759249
0 991 -554.9305237759249
0 992 -554.9305237759249
0 993 -554.9305237759249
0 994 -554.9305237759249
0 995 -554.9305237759249
0 996 -554.9305237759249
0 997 -554.9305237759249
0 998 -554.9305237759249
0 999 -554.9305237759249
1 831 -718.663153229249
2 458 -404.60889110050806
4 902 -639.8697684778534
5 204 -434.67548094588886
7 330 -542.0840352452656
8 178 -163.0368730759903
9 558 -569.89088035959
11 23 -826.8234645044645
12 448 -554.9305237759249
13 584 -685.703682800218
14 895 -554.9305237759249
15 770 -554.9305237759249
16 0 -325.909151005127
17 690 -741.7268005232214
18 615 -554.9305237759249
19 0 -443.7922392571666
20 0 -262.1628650441643
21 122 -472.149430586004
23 674 -554.9305237759249
24 607 -554.9305237759249
25 168 -684.1174604250633
26 773 -554.9305237759249
27 756 -766.4707608133951
28 415 -629.4592164890372
30 219 -566.0088020397484
31 384 -554.9305237759249
32 334 -630.9166258433145
33 728 -423.4404164335908
34 674 -821.9707644056231
35 638 -793.793650411232
36 497 -989.3139843920901
37 757 -554.9486122745205
38 888 -554.9305237759249
39 2 -650.9832252648011
40 786 -503.6253320418836
41 783 -189.39120031661025
42 335 -453.5048424418906
43 617 -609.8613532180815
44 298 -871.1456125009046
45 102 -823.3475612855738
46 19 -554.9305237759249
47 890 -794.2570261870322
48 0 -424.08904450242886
50 752 -695.6359041579633
51 712 -545.7883372357488
52 0 -790.2489277233934
53 917 -261.58600300532134
54 268 -439.02692598825445
55 386 -574.0719457333398
56 723 -1026.5361412101252
57 88 -441.61879218123465
58 942 -849.0643728756395
59 551 -720.3248931937544
60 191 -627.2659236288671
61 356 -578.1651460394253
62 251 -275.4599737675555
63 210 -760.9133666303622
64 883 -554.9305237759249
65 353 -330.68202494558756
66 306 -376.10250970364524
67 662 -618.6810947830587
68 230 -554.6353668192255
70 210 -376.0893411295645
71 490 -330.71969723343864
72 998 -551.89739143679
73 759 -520.5668176565583
74 76 -554.9305237759249
75 868 -698.4466610688374
76 698 -554.9305237759249
77 706 -741.0168939117776
78 0 -586.3425178344291
80 903 -1049.813917033941
81 692 -476.6661685278499
82 865 -634.0671937991685
83 873 -545.4760673913336
84 91 -417.71257244790525
86 929 -788.8357319041457
87 87 -743.121859120642
88 244 -372.78092133879477
89 0 -423.5189388048074
90 142 -554.9305237759249
91 902 -738.280904866771
92 744 -945.0879268396193
93 0 -402.81503923865796
94 302 -539.4598820627613
95 767 -392.2951844913145
96 245 -805.9518653770944
97 174 -306.8418229557225
98 468 -789.7966236238638
99 711 -523.0952251922521
100 351 -732.4192575186935
101 556 -624.7831049294301
102 719 -394.8475470545022
103 0 -554.9305237759249
104 500 -459.5921844037897
105 52 -554.9305237759249
106 584 -525.9807316624928
107 298 -863.408326599338
108 534 -554.9305237759249
109 0 -803.6300349781158
110 802 -543.9613096027633
111 500 -555.7296231995023
113 0 -849.9554772602755
116 871 -417.97335362635425
117 262 -240.56145242834293
118 586 -854.624730529364
120 0 -543.7433347670078
122 581 -554.9305237759249
124 146 -535.1536042411032
125 193 -398.58828852657695
126 291 -693.257437831202
127 114 -731.9579075985034
128 729 -550.3663869072204
129 0 -503.60462896038894
130 865 -291.3176107140411
131 912 -492.6153656352915
132 191 -451.0171060837673
133 98 -632.010743843017
134 373 -461.6928494766474
135 369 -394.7926378537814
136 769 -797.8714820095279
137 58 -722.9986686789337
138 192 -773.5507389048316
139 132 -1140.1275220502598
140 405 -901.2119529936977
141 0 -502.3081308738029
142 500 -860.434740570261
143 726 -553.8343923904689
144 537 -791.677310481896
145 125 -868.4167237731273
146 0 -723.3833008683968
147 746 -417.50987280208767
148 110 -632.6638094150019
149 485 -550.2660101909487
151 729 -491.64625215725755
152 0 -187.39756842935932
153 0 -498.0049250346326
154 0 -386.3482861072841
155 0 -572.9067451214521
156 188 -609.218545072063
157 236 -793.5868515932468
159 295 -617.3745946288627
161 0 -994.7306213094445
162 0 -559.5778775266205
163 253 -733.1659715725403
164 369 -376.8650604568319
165 248 -787.1943384594682
166 296 -1018.4928688031137
167 892 -698.0401953528216
168 688 -520.7735803417768
169 348 -505.7565536249781
170 859 -759.0207133259271
171 84 -554.9305237759249
172 589 -335.41665238674847
173 465 -778.9324850768868
174 352 -275.22154815129517
175 424 -956.6060569937324
177 0 -544.9658280867623
178 260 -499.1050402623596
179 246 -628.4873392666008
180 39 -555.4309378237607
181 75 -693.5091078439485
182 123 -624.9293253852843
183 949 -1145.3172047711648
184 487 -825.8075528132201
185 625 -381.3151038045446
186 448 -754.4388132224638
187 721 -494.72397658599834
189 718 -440.3363760464107
190 797 -881.2153727038876
191 276 -554.9305237759249
192 875 -292.990259493714
193 151 -554.9305237759249
195 912 -683.5952438945877
199 142 -813.8344077163616
200 0 -739.5927826841969
201 674 -739.9694920982234
202 0 -1067.9553029584565
203 288 -425.8187550880344
204 674 -676.0068673149676
205 0 -545.0845970182235
206 387 -349.7812004175156
207 483 -549.348552368514
208 691 -571.4971067371849
210 0 -561.7428066650501
211 676 -565.8217598533023
212 367 -537.8134637021085
213 565 -549.4271859123957
214 50 -859.509314591947
215 119 -554.9305237759249
216 223 -733.4845074798737
217 315 -384.01688582849533
218 962 -655.2842119644852
219 0 -309.9106523293637
220 40 -544.4296333750913
221 0 -554.9305237759249
222 591 -612.7195559535817
223 561 -403.7519654604547
224 610 -518.8868162779729
225 564 -830.3117529658302
226 392 -782.4714298119518
227 0 -722.5343724708797
228 66 -670.9576804574178
229 319 -554.9305237759249
230 22 -801.7943939049994
231 117 -554.9305237759249
232 488 -490.9406649416917
233 911 -275.2501157737756
236 0 -517.4357134303098
237 921 -472.50279530812065
238 973 -424.75051393744303
239 641 -619.6573222972885
240 98 -554.9305237759249
243 977 -521.1998325160278
244 777 -552.112614775268
245 604 -754.4163203670329
246 220 -554.9305237759249
247 786 -655.840238986565
248 221 -793.5131998795564
249 0 -697.2974168690528
250 510 -989.0801182481168
251 929 -856.0481802632656
252 73 -664.2144187578369
253 573 -766.8787789174202
254 366 -627.9745653726147
255 732 -518.4783322172245
256 607 -575.2280401447414
257 782 -554.7887464683929
258 0 -636.317445156368
259 964 -534.8325950696371
260 863 -436.5497827960626
261 593 -636.5252644672594
262 0 -869.4535720437667
263 387 -825.4238248970358
264 599 -380.8664680212099
265 214 -705.276087265132
267 433 -323.4411681215964
268 380 -554.9305237759249
269 0 -654.2306513954259
270 903 -344.5297588926347
271 0 -799.3124439882718
272 822 -752.1118211988205
274 0 -709.9681789495985
275 729 -624.240437278367
276 219 -410.23869593554076
277 588 -658.2208384677888
278 61 -815.638874631454
279 515 -804.0478314167004
280 0 -762.3197027860303
281 566 -554.5495003538255
282 508 -511.2915761356898
283 0 -809.2061684311815
284 84 -502.6682536044251
285 156 -374.71906762468154
286 734 -814.0608059024403
287 0 -680.5243436744086
288 571 -813.5318148090494
289 530 -513.049491064492
290 443 -554.9305237759249
291 494 -816.0633161844421
292 0 -464.4890305573599
293 629 -910.1934014156727
296 423 -741.580536821744
297 0 -462.46687754877644
298 796 -589.5961202663468
300 0 -518.1005448367512
302 64 -438.68413443708073
307 0 -534.5992797108935
308 798 -279.2238035674268
309 701 -505.78010132856355
310 538 -514.9894869813058
311 0 -369.40147546109574
312 324 -468.3196001210299
313 996 -749.5837642861959
315 684 -816.2293600574733
316 848 -800.8274527304095
317 23 -658.9557283594125
320 893 -588.8715241456252
321 493 -554.9305237759249
322 851 -665.7171430124705
323 282 -761.5646428084669
324 258 -554.9305237759249
325 770 -723.5733094586938
326 363 -554.9305237759249
327 0 -364.772301765582
328 0 -413.1039969314793
329 0 -557.0167033203913
331 0 -437.66894210234216
332 122 -1113.4903642750608
333 921 -424.0047900357127
334 0 -550.9776976979646
335 595 -753.8764270470717
336 649 -420.03829522371007
337 624 -721.510605504152
338 829 -561.0714510792234
339 640 -590.323544547581
340 626 -858.3542859125023
341 686 -644.5960386868038
342 999 -554.9305237759249
343 0 -891.9402173384358
344 188 -552.2340138033452
345 457 -848.132341202532
346 556 -590.5745293678785
347 333 -753.430424816434
348 750 -554.9305237759249
349 661 -695.9010453062178
350 655 -652.9032298433646
351 590 -555.4910604171096
352 476 -780.2900968443731
353 484 -625.040382739607
355 234 -689.5935704328546
357 104 -661.4294067901974
358 593 -753.8203623266511
359 374 -795.4030488444726
360 314 -631.2692296346246
361 936 -419.98638029394806
362 962 -417.7635593518211
364 6 -436.8953924719168
365 875 -813.6887271847913
366 0 -725.8223127589832
367 17 -554.9305237759249
368 914 -292.8006012450632
369 57 -653.617225750459
370 473 -424.0835400464376
371 117 -689.8536876232054
372 243 -600.3286682715498
373 837 -861.350599240423
374 785 -380.1352589842387
375 663 -405.7834778920832
377 812 -697.7254411332663
378 450 -554.9305237759249
379 527 -763.3836634263321
380 0 -856.0719142481091
381 219 -399.4008541722427
382 791 -512.3011335228433
383 51 -813.1972513232072
384 526 -820.1421033825507
385 688 -712.1134717314812
386 791 -397.2352907161175
387 375 -220.9502711124254
388 946 -746.2747680565594
389 515 -565.4368593116103
390 43 -349.3865925249499
391 0 -767.7450397852963
392 967 -790.5658393513746
393 692 -253.79096214929123
394 485 -657.1285927095925
396 420 -507.35324880864357
397 661 -875.7974667328316
398 34 -554.9305237759249
399 987 -889.8155214424052
400 250 -425.2319635949096
401 176 -595.9327977853409
402 141 -502.1767346496737
403 0 -554.9305237759249
404 0 -554.9305237759249
405 821 -415.8331984041729
406 838 -449.46921224783637
407 770 -851.2559523462824
408 287 -697.5764438632406
409 546 -407.7839742757638
410 18 -569.8828581696137
411 150 -554.9305237759249
412 251 -421.94004024056517
413 499 -491.2133020922843
414 350 -785.1725717826217
416 173 -473.07352600083834
417 0 -560.5150477287899
419 529 -578.4115433633633
420 711 -471.3805200317645
422 0 -765.8760961410084
423 69 -358.79115961990124
424 637 -469.9701855517358
426 0 -554.9305237759249
427 0 -1049.668891844281
428 333 -507.13312770248695
431 511 -459.9495752724945
433 531 -574.7064635388269
434 365 -812.6972518534922
435 0 -554.9305237759249
436 836 -376.49690656950776
437 762 -632.6520924209799
438 815 -803.0037086291718
439 0 -639.4098395722331
440 342 -550.584808444176
442 0 -644.7255362313604
444 593 -554.9305237759249
445 594 -867.1613476104769
446 429 -416.5804319562514
448 790 -707.3438361054075
449 49 -554.9305237759249
450 730 -819.9074930084045
451 868 -618.0196540913532
452 800 -690.0161967251202
453 419 -812.4501822311408
454 179 -692.8461474404836
455 88 -554.9305237759249
456 89 -729.7838263086795
457 796 -647.3503466746585
459 503 -1026.1226023094416
460 93 -640.2299561085224
461 792 -593.7190926596322
462 647 -724.2481099422986
463 732 -554.9305237759249
464 396 -392.5285390988067
466 948 -845.7060658980312
467 860 -766.95320171867
469 659 -753.0038356112894
470 218 -545.7947947660009
471 201 -804.8142678867248
472 768 -871.3838758278646
473 420 -723.5137839325919
474 400 -555.3398052795915
475 389 -798.0995800108863
476 172 -806.4069914259412
477 0 -218.38432451383449
478 697 -752.5083501760952
480 368 -522.8812096389536
481 902 -562.3905169112852
482 287 -806.6501448078873
483 601 -423.31397438875786
484 404 -695.7439212814305
485 166 -463.75582280462686
486 711 -659.549640504509
487 451 -554.9305237759249
488 418 -366.9670442587172
489 130 -554.9305237759249
491 794 -554.9305237759249
492 244 -654.6898128483483
494 258 -406.15635610731806
495 0 -414.99923535120524
496 323 -1267.3789026495133
497 400 -926.9882850589861
498 260 -825.5232835741241
499 673 -850.4780222721553
500 610 -555.7984423774727
501 478 -369.3367636579337
502 137 -596.1776638261447
503 628 -455.72541785202117
504 711 -554.9305237759249
505 986 -692.4027864774363
506 202 -671.1221109536867
507 467 -782.0997494769961
508 205 -729.6819812656861
509 666 -424.5653094067737
510 219 -207.9473382369804
512 72 -554.9305237759249
513 0 -805.9061466411501
514 886 -326.46622339964495
516 688 -554.9305237759249
517 68 -799.6286029279413
518 24 -859.4573591575817
519 397 -880.3950045366139
520 0 -415.93102986433155
521 899 -628.1700950281901
522 302 -270.09197956981876
523 159 -460.75166195820225
524 693 -554.9305237759249
525 0 -851.4480389395036
526 91 -422.3253137511103
527 570 -465.4380005236498
528 246 -506.880707725801
529 495 -554.9305237759249
530 419 -927.1971693723381
531 394 -802.5081539890214
532 557 -773.6423721420467
533 183 -444.76857325911544
534 564 -441.83766722671226
535 434 -542.8116506128774
536 0 -1047.8685236047813
537 446 -410.97438381051563
538 684 -397.010941167394
539 189 -275.1001011079784
540 248 -498.40998347439046
541 0 -657.0166758724656
543 439 -286.1255043907362
544 597 -1024.112512010988
545 877 -636.6299237805241
546 218 -626.6936469875827
547 0 -1049.542257335232
548 441 -789.6479497136764
549 699 -644.5206970178058
550 926 -450.23772321881745
551 348 -796.9159908230489
552 537 -562.972708955297
553 819 -468.93043790913197
554 704 -554.9305237759249
555 575 -871.0603234285213
556 821 -950.3333805700152
557 107 -548.1294881534392
558 997 -151.73030430448654
559 809 -674.484350089051
560 641 -554.9305237759249
561 292 -806.5895940651606
562 8 -511.51589009134017
563 804 -675.6870870420399
564 0 -417.39880900169874
565 651 -756.4012891988427
566 0 -395.36903627256766
567 982 -485.5817178390151
568 821 -799.2087076370633
569 871 -228.42500102821137
570 944 -557.7050019422655
571 742 -830.7905606960989
572 388 -658.6978415885808
573 871 -787.0271911761388
574 711 -546.0213670433313
576 484 -535.818688955183
577 201 -754.3933357712754
578 128 -458.30110236083317
579 989 -554.9305237759249
580 322 -399.72011331252554
581 583 -661.7091148512947
582 719 -390.27367017814487
583 0 -671.7689650335014
586 323 -233.06350698962962
587 984 -354.6136409214343
588 260 -601.4045890018604
589 160 -570.2698137103331
590 6 -537.7256098043949
591 165 -558.3002896425348
592 887 -564.6737446394966
593 665 -664.7160660193857
594 696 -658.4692902923028
595 679 -950.5599831058964
596 0 -233.19802206461014
597 562 -554.9305237759249
598 927 -254.73612546658353
599 0 -778.3838460894772
600 412 -601.195359043913
601 461 -731.2297170829261
602 513 -701.2815115100946
603 790 -764.6872929309839
604 159 -575.3702084914877
605 982 -823.0164441910756
606 0 -514.7065744244387
607 738 -395.61845455751643
608 628 -1025.3256229894841
609 774 -636.2869947085063
610 0 -554.9305237759249
612 566 -735.0217549004209
613 265 -566.82416420208
614 107 -554.9682692525631
615 0 -787.4118736622788
617 955 -471.76025560879594
618 602 -805.0821381201459
619 632 -707.3495398239185
620 652 -938.0435093676541
621 792 -554.9305237759249
622 42 -743.1493650610903
623 272 -406.27753525219657
624 226 -553.3140534565152
626 0 -812.2007900446335
627 297 -275.8155232676151
628 713 -402.93811176190593
629 884 -751.3969323888192
630 0 -554.9305237759249
631 478 -646.2096041194388
632 623 -390.009987558952
633 628 -554.9305237759249
634 140 -554.9305237759249
636 0 -428.0211939583108
637 0 -747.8144141320814
638 677 -421.191718482663
639 0 -805.1722755230862
640 308 -784.1223889111554
641 486 -528.7337453055507
642 737 -554.9305237759249
643 758 -260.282549281783
644 642 -222.05036886725085
645 803 -622.9115958041035
646 615 -554.9305237759249
647 954 -763.3301159116437
648 427 -515.8571444184961
649 352 -935.153344772248
651 365 -618.0784785908438
652 0 -349.9964282016927
653 864 -769.4171216360121
654 781 -432.8187333003083
655 578 -798.4782350999624
656 872 -482.0491953316954
657 143 -544.0631571231886
658 777 -791.773989897351
659 353 -427.7066813222215
660 833 -554.9305237759249
661 482 -807.0150063332073
662 945 -416.67084273535437
663 623 -697.2723158500021
664 0 -554.9305237759249
665 794 -887.0077672919035
666 313 -838.0509608438075
667 399 -307.1067311283239
668 413 -574.6613595584909
669 954 -600.71360719727
670 0 -592.4038883755034
671 229 -391.40999793649553
672 196 -664.814427139622
675 199 -691.7809759161573
676 279 -585.8206020931132
677 188 -554.9305237759249
678 450 -761.8006605682068
679 0 -565.8316252195953
680 171 -142.62494358373831
681 477 -771.2097650713741
682 0 -682.1756831963069
683 294 -554.9305237759249
684 322 -318.10924269782987
685 0 -632.289216289412
686 595 -748.2875045718966
687 901 -860.2742277804022
688 454 -554.9305237759249
689 477 -506.942927089141
690 216 -554.9305237759249
691 978 -430.07716740933097
693 93 -623.9915183585787
694 0 -407.3261080155936
695 0 -634.3370057271077
696 929 -469.7982540400697
697 207 -978.672421640852
698 0 -552.1898608245779
699 595 -853.5663658568682
701 684 -536.2099187994108
702 845 -554.9305237759249
703 915 -554.9305237759249
704 467 -809.6448903708276
706 73 -781.8498046395438
707 0 -615.0885543698466
708 362 -418.17232666278613
711 0 -787.1978897895558
712 0 -503.7673679716842
713 0 -831.6499352628205
714 866 -827.0899459589814
715 221 -495.92869275881617
716 662 -554.9305237759249
717 615 -433.9158290682717
718 710 -899.6126782573879
719 126 -617.87083408097
720 7 -867.2935301109341
721 260 -551.7189264672189
722 113 -555.9000405415497
725 843 -717.535182276093
726 786 -458.0225981439558
727 613 -554.9305237759249
728 284 -633.8230385774607
729 0 -1052.118769631767
730 568 -553.5730715184286
732 315 -540.9519254232235
733 0 -665.897789210803
735 28 -582.3013442320434
736 830 -658.9938399003412
737 475 -958.5878288980721
738 267 -418.3868981505532
739 165 -554.9305237759249
740 421 -806.678920447743
741 977 -516.0684574066298
742 0 -773.8327414014117
743 602 -538.841089019731
744 754 -474.0434920992033
745 254 -464.72671467037515
746 481 -702.659588539705
747 340 -959.5961467593796
748 582 -554.9305237759249
750 308 -554.9305237759249
751 0 -798.4530490388465
752 0 -396.42138372252174
753 706 -851.2496784450923
754 279 -547.2341299683447
755 833 -952.0919886374725
756 914 -351.4422413141133
757 703 -734.11825488178
758 801 -595.0794822513185
760 461 -445.6724459364068
761 829 -554.9305237759249
763 689 -977.4432383511289
764 221 -867.4057147295355
765 357 -410.52355703092655
766 786 -554.9305237759249
767 453 -554.9305237759249
768 657 -799.1613620841895
769 488 -775.5229280098529
770 423 -870.3102105796789
771 500 -440.3163449755373
772 601 -581.8573028063777
775 179 -554.9305237759249
776 605 -605.4568967421077
777 950 -563.2858043368009
778 338 -632.3008208530565
779 201 -772.9806879559019
780 190 -421.477081376851
781 547 -741.4989691479162
782 0 -336.75983529793916
783 905 -646.2113905696788
784 184 -645.359941708511
785 201 -703.6379199844165
786 734 -369.9498509776604
787 179 -872.2370843981953
788 995 -554.9305237759249
789 0 -448.8953772903477
790 0 -589.4129554103808
791 646 -611.22059889585
792 588 -900.9786958663365
793 930 -551.187238915325
794 0 -798.9713137552353
795 198 -554.9305237759249
796 998 -888.2662616597527
798 34 -221.50340835667336
799 622 -449.691547972222
800 985 -554.9305237759249
801 727 -640.0508523381628
802 36 -749.457227914167
804 0 -480.4372175724985
805 824 -706.7705252872182
806 500 -589.6077657822452
807 959 -388.08565017444425
808 775 -786.5093173843932
809 0 -595.3563204804593
810 839 -772.0206045204109
811 309 -430.07375654578885
812 368 -806.643423387805
813 564 -554.9657503946453
814 727 -552.0349035464295
815 0 -554.9305237759249
816 204 -711.5766216911425
817 0 -800.9975915223403
818 0 -686.5007823787873
819 730 -864.0938062623004
820 139 -685.1020010513593
821 212 -554.9305237759249
822 784 -621.182600240048
823 207 -611.9951988693226
824 170 -554.9305237759249
825 520 -899.5005033740556
826 827 -914.3047651865644
827 14 -330.0505014357678
828 868 -825.012289281724
829 377 -467.6061505111409
830 773 -352.09986000883737
831 101 -253.07016857987213
832 363 -683.4743447304745
833 492 -554.9305237759249
834 0 -618.2762044072643
835 75 -870.3623205631486
837 0 -420.24872471279895
838 965 -386.71848209423376
839 727 -554.9305237759249
840 297 -605.8242962889283
841 567 -931.2679817398283
842 505 -805.7218547485556
843 0 -1013.3034299496694
844 0 -460.75701133580105
845 0 -554.9305237759249
846 209 -936.2724125973634
847 500 -756.6459115673663
848 561 -269.8299550813323
849 0 -657.4515192137752
850 408 -484.74184845643475
851 909 -806.9857544177644
852 493 -743.5181806392741
853 0 -635.6354545242607
854 820 -793.025155113753
856 413 -642.2768077640395
857 6 -868.8296060554839
858 714 -266.47132913976264
860 0 -511.70397064141486
861 601 -412.9077634181838
862 599 -541.4314425273883
863 334 -376.77713211780934
864 252 -577.8913111416349
865 0 -753.9862728949713
867 343 -715.6659900613074
868 268 -897.3024199237047
869 441 -999.28743867548
871 679 -202.53221705549072
872 794 -820.6678578298554
873 626 -424.32041670975815
874 529 -949.1458197965353
875 0 -765.9086384443983
876 754 -741.1801702957928
877 0 -608.705606597362
878 107 -424.562768477948
879 196 -508.73952633211866
880 253 -463.27466468153693
881 133 -616.94440388241
882 427 -758.9147542421972
883 591 -554.9305237759249
884 772 -610.4010623033461
885 488 -481.831810097543
886 34 -596.5214888870676
887 497 -632.8123615731616
888 477 -692.727021993074
889 363 -396.03981490353016
890 777 -630.9457839610989
891 691 -424.46748311719824
892 617 -723.1327572164322
893 886 -819.0884719902504
894 524 -626.0928447616715
895 220 -624.834843727712
897 662 -677.023593536102
898 392 -625.401707306111
899 970 -554.9438062233188
900 826 -857.9820047998121
901 537 -809.601064503824
902 360 -548.8822695039456
904 909 -554.9305237759249
905 66 -799.2066262580936
907 687 -489.5389685982132
908 53 -554.9305237759249
909 472 -654.1153973725328
910 96 -741.9782644902882
912 0 -554.9305237759249
913 447 -595.2828261149417
914 895 -441.0681573774806
915 552 -554.9305237759249
916 239 -1015.0954886293265
917 401 -855.8425726819961
918 0 -189.13245903366192
919 0 -803.2760007068102
920 715 -615.5687464718751
921 510 -781.3816093221815
922 378 -386.65939945996683
924 0 -465.7985755899499
926 0 -338.35517936196226
927 0 -402.05811142521435
928 10 -803.4436612888353
929 753 -317.8187324699504
930 336 -537.9175325911485
931 21 -554.9305237759249
932 959 -398.3243997482083
935 0 -714.5588673356688
936 253 -429.5667989597764
937 362 -552.3220556584165
938 97 -400.2504376510888
939 295 -790.1833458903575
940 0 -554.9305237759249
941 0 -891.6830514308049
942 110 -819.0052127352703
943 288 -260.2477529393278
944 578 -721.6273922806606
945 746 -784.2786985537845
946 515 -949.7529228799073
947 0 -811.344990654067
949 264 -554.9305237759249
950 628 -496.8515137557507
951 206 -580.7777649517323
952 218 -554.9305237759249
953 347 -608.816624776917
954 896 -230.6902307727951
955 356 -435.0070904427758
956 839 -680.3173704480613
957 702 -876.9958635392969
958 156 -1245.4985106273452
959 566 -554.9305237759249
960 245 -685.5240252763407
963 493 -538.5602463879677
964 59 -802.2608797024752
966 419 -692.6620688392068
967 295 -479.7985231102141
968 0 -559.9866411962357
969 12 -275.6052282297745
970 625 -289.4229938366458
971 698 -322.51291741133844
972 894 -781.1792807351861
973 0 -840.044360439801
974 0 -544.1114278829241
975 650 -578.6401807495818
977 322 -841.0725197872094
978 726 -778.3503453274759
979 0 -423.1657619558003
980 748 -659.6288512320602
982 744 -801.5243958037503
983 689 -554.9305237759249
985 986 -853.2498749239869
986 599 -410.1043371040672
987 0 -646.7814861060874
988 0 -584.1683010270797
990 237 -685.1882622367212
991 496 -866.3941730675189
992 947 -828.3788115836888
993 0 -225.41496975724036
994 90 -974.1702304237639
995 968 -788.8315971451302
996 900 -825.0275579526896
997 190 -686.5940212578993
998 143 -1038.9541495343688
999 341 -407.13967371862907
