0 0 -17.281581101844022
0 1 -17.281581101844022
0 2 -17.281581101844022
0 3 -17.281581101844022
0 4 -17.281581101844022
0 5 -17.281581101844022
0 6 -17.281581101844022
0 7 -17.281581101844022
0 8 -17.281581101844022
0 9 -17.281581101844022
0 10 -17.281581101844022
0 11 -17.281581101844022
0 12 -17.281581101844022
0 13 -17.281581101844022
0 14 -17.281581101844022
0 15 -17.281581101844022
0 16 -17.281581101844022
0 17 -17.281581101844022
0 18 -17.281581101844022
0 19 -17.281581101844022
0 20 -17.281581101844022
0 21 -17.281581101844022
0 22 -17.281581101844022
0 23 -17.281581101844022
0 24 -17.281581101844022
0 25 -17.281581101844022
0 26 -17.281581101844022
0 27 -17.281581101844022
0 28 -17.281581101844022
0 29 -17.281581101844022
0 30 -17.281581101844022
0 31 -17.281581101844022
0 32 -17.281581101844022
0 33 -17.281581101844022
0 34 -17.281581101844022
0 35 -17.281581101844022
0 36 -17.281581101844022
0 37 -17.281581101844022
0 38 -17.281581101844022
0 39 -17.281581101844022
0 40 -17.281581101844022
0 41 -17.281581101844022
0 42 -17.281581101844022
0 43 -17.281581101844022
0 44 -17.281581101844022
0 45 -17.281581101844022
0 46 -17.281581101844022
0 47 -17.281581101844022
0 48 -17.281581101844022
0 49 -17.281581101844022
0 50 -17.281581101844022
0 51 -17.281581101844022
0 52 -17.281581101844022
0 53 -17.281581101844022
0 54 -17.281581101844022
0 55 -17.281581101844022
0 56 -17.281581101844022
0 57 -17.281581101844022
0 58 -17.281581101844022
0 59 -17.281581101844022
0 60 -17.281581101844022
0 61 -17.281581101844022
0 62 -17.281581101844022
0 63 -17.281581101844022
0 64 -17.281581101844022
0 65 -17.281581101844022
0 66 -17.281581101844022
0 67 -17.281581101844022
0 68 -17.281581101844022
0 69 -17.281581101844022
0 70 -17.281581101844022
0 71 -17.281581101844022
0 72 -17.281581101844022
0 73 -17.281581101844022
0 74 -17.281581101844022
0 75 -17.281581101844022
0 76 -17.281581101844022
0 77 -17.281581101844022
0 78 -17.281581101844022
0 79 -17.281581101844022
0 80 -17.281581101844022
0 81 -17.281581101844022
0 82 -17.281581101844022
0 83 -17.281581101844022
0 84 -17.281581101844022
0 85 -17.281581101844022
0 86 -17.281581101844022
0 87 -17.281581101844022
0 88 -17.281581101844022
0 89 -17.281581101844022
0 90 -17.281581101844022
0 91 -17.281581101844022
0 92 -17.281581101844022
0 93 -17.281581101844022
0 94 -17.281581101844022
0 95 -17.281581101844022
0 96 -17.281581101844022
0 97 -17.281581101844022
0 98 -17.281581101844022
0 99 -17.281581101844022
0 100 -17.281581101844022
0 101 -17.281581101844022
0 102 -17.281581101844022
0 103 -17.281581101844022
0 104 -17.281581101844022
0 105 -17.281581101844022
0 106 -17.281581101844022
0 107 -17.281581101844022
0 108 -17.281581101844022
0 109 -17.281581101844022
0 110 -17.281581101844022
0 111 -17.281581101844022
0 112 -17.281581101844022
0 113 -17.281581101844022
0 114 -17.281581101844022
0 115 -17.281581101844022
0 116 -17.281581101844022
0 117 -17.281581101844022
0 118 -17.281581101844022
0 119 -17.281581101844022
0 120 -17.281581101844022
0 121 -17.281581101844022
0 122 -17.281581101844022
0 123 -17.281581101844022
0 124 -17.281581101844022
0 125 -17.281581101844022
0 126 -17.281581101844022
0 127 -17.281581101844022
0 128 -17.281581101844022
0 129 -17.281581101844022
0 130 -17.281581101844022
0 131 -17.281581101844022
0 132 -17.281581101844022
0 133 -17.281581101844022
0 134 -17.281581101844022
0 135 -17.281581101844022
0 136 -17.281581101844022
0 137 -17.281581101844022
0 138 -17.281581101844022
0 139 -17.281581101844022
0 140 -17.281581101844022
0 141 -17.281581101844022
0 142 -17.281581101844022
0 143 -17.281581101844022
0 144 -17.281581101844022
0 145 -17.281581101844022
0 146 -17.281581101844022
0 147 -17.281581101844022
0 148 -17.281581101844022
0 149 -17.281581101844022
0 150 -17.281581101844022
0 151 -17.281581101844022
0 152 -17.281581101844022
0 153 -17.281581101844022
0 154 -17.281581101844022
0 155 -17.281581101844022
0 156 -17.281581101844022
0 157 -17.281581101844022
0 158 -17.281581101844022
0 159 -17.281581101844022
0 160 -17.281581101844022
0 161 -17.281581101844022
0 162 -17.281581101844022
0 163 -17.281581101844022
0 164 -17.281581101844022
0 165 -17.281581101844022
0 166 -17.281581101844022
0 167 -17.281581101844022
0 168 -17.281581101844022
0 169 -17.281581101844022
0 170 -17.281581101844022
0 171 -17.281581101844022
0 172 -17.281581101844022
0 173 -17.281581101844022
0 174 -17.281581101844022
0 175 -17.281581101844022
0 176 -17.281581101844022
0 177 -17.281581101844022
0 178 -17.281581101844022
0 179 -17.281581101844022
0 180 -17.281581101844022
0 181 -17.281581101844022
0 182 -17.281581101844022
0 183 -17.281581101844022
0 184 -17.281581101844022
0 185 -17.281581101844022
0 186 -17.281581101844022
0 187 -17.281581101844022
0 188 -17.281581101844022
0 189 -17.281581101844022
0 190 -17.281581101844022
0 191 -17.281581101844022
0 192 -17.281581101844022
0 193 -17.281581101844022
0 194 -17.281581101844022
0 195 -17.281581101844022
0 196 -17.281581101844022
0 197 -17.281581101844022
0 198 -17.281581101844022
0 199 -17.281581101844022
0 200 -17.281581101844022
0 201 -17.281581101844022
0 202 -17.281581101844022
0 203 -17.281581101844022
0 204 -17.281581101844022
0 205 -17.281581101844022
0 206 -17.281581101844022
0 207 -17.281581101844022
0 208 -17.281581101844022
0 209 -17.281581101844022
0 210 -17.281581101844022
0 211 -17.281581101844022
0 212 -17.281581101844022
0 213 -17.281581101844022
0 214 -17.281581101844022
0 215 -17.281581101844022
0 216 -17.281581101844022
0 217 -17.281581101844022
0 218 -17.281581101844022
0 219 -17.281581101844022
0 220 -17.281581101844022
0 221 -17.281581101844022
0 222 -17.281581101844022
0 223 -17.281581101844022
0 224 -17.281581101844022
0 225 -17.281581101844022
0 226 -17.281581101844022
0 227 -17.281581101844022
0 228 -17.281581101844022
0 229 -17.281581101844022
0 230 -17.281581101844022
0 231 -17.281581101844022
0 232 -17.281581101844022
0 233 -17.281581101844022
0 234 -17.281581101844022
0 235 -17.281581101844022
0 236 -17.281581101844022
0 237 -17.281581101844022
0 238 -17.281581101844022
0 239 -17.281581101844022
0 240 -17.281581101844022
0 241 -17.281581101844022
0 242 -17.281581101844022
0 243 -17.281581101844022
0 244 -17.281581101844022
0 245 -17.281581101844022
0 246 -17.281581101844022
0 247 -17.281581101844022
0 248 -17.281581101844022
0 249 -17.281581101844022
0 250 -17.281581101844022
0 251 -17.281581101844022
0 252 -17.281581101844022
0 253 -17.281581101844022
0 254 -17.281581101844022
0 255 -17.281581101844022
0 256 -17.281581101844022
0 257 -17.281581101844022
0 258 -17.281581101844022
0 259 -17.281581101844022
0 260 -17.281581101844022
0 261 -17.281581101844022
0 262 -17.281581101844022
0 263 -17.281581101844022
0 264 -17.281581101844022
0 265 -17.281581101844022
0 266 -17.281581101844022
0 267 -17.281581101844022
0 268 -17.281581101844022
0 269 -17.281581101844022
0 270 -17.281581101844022
0 271 -17.281581101844022
0 272 -17.281581101844022
0 273 -17.281581101844022
0 274 -17.281581101844022
0 275 -17.281581101844022
0 276 -17.281581101844022
0 277 -17.281581101844022
0 278 -17.281581101844022
0 279 -17.281581101844022
0 280 -17.281581101844022
0 281 -17.281581101844022
0 282 -17.281581101844022
0 283 -17.281581101844022
0 284 -17.281581101844022
0 285 -17.281581101844022
0 286 -17.281581101844022
0 287 -17.281581101844022
0 288 -17.281581101844022
0 289 -17.281581101844022
0 290 -17.281581101844022
0 291 -17.281581101844022
0 292 -17.281581101844022
0 293 -17.281581101844022
0 294 -17.281581101844022
0 295 -17.281581101844022
0 296 -17.281581101844022
0 297 -17.281581101844022
0 298 -17.281581101844022
0 299 -17.281581101844022
0 300 -17.281581101844022
0 301 -17.281581101844022
0 302 -17.281581101844022
0 303 -17.281581101844022
0 304 -17.281581101844022
0 305 -17.281581101844022
0 306 -17.281581101844022
0 307 -17.281581101844022
0 308 -17.281581101844022
0 309 -17.281581101844022
0 310 -17.281581101844022
0 311 -17.281581101844022
0 312 -17.281581101844022
0 313 -17.281581101844022
0 314 -17.281581101844022
0 315 -17.281581101844022
0 316 -17.281581101844022
0 317 -17.281581101844022
0 318 -17.281581101844022
0 319 -17.281581101844022
0 320 -17.281581101844022
0 321 -17.281581101844022
0 322 -17.281581101844022
0 323 -17.281581101844022
0 324 -17.281581101844022
0 325 -17.281581101844022
0 326 -17.281581101844022
0 327 -17.281581101844022
0 328 -17.281581101844022
0 329 -17.281581101844022
0 330 -17.281581101844022
0 331 -17.281581101844022
0 332 -17.281581101844022
0 333 -17.281581101844022
0 334 -17.281581101844022
0 335 -17.281581101844022
0 336 -17.281581101844022
0 337 -17.281581101844022
0 338 -17.281581101844022
0 339 -17.281581101844022
0 340 -17.281581101844022
0 341 -17.281581101844022
0 342 -17.281581101844022
0 343 -17.281581101844022
0 344 -17.281581101844022
0 345 -17.281581101844022
0 346 -17.281581101844022
0 347 -17.281581101844022
0 348 -17.281581101844022
0 349 -17.281581101844022
0 350 -17.281581101844022
0 351 -17.281581101844022
0 352 -17.281581101844022
0 353 -17.281581101844022
0 354 -17.281581101844022
0 355 -17.281581101844022
0 356 -17.281581101844022
0 357 -17.281581101844022
0 358 -17.281581101844022
0 359 -17.281581101844022
0 360 -17.281581101844022
0 361 -17.281581101844022
0 362 -17.281581101844022
0 363 -17.281581101844022
0 364 -17.281581101844022
0 365 -17.281581101844022
0 366 -17.281581101844022
0 367 -17.281581101844022
0 368 -17.281581101844022
0 369 -17.281581101844022
0 370 -17.281581101844022
0 371 -17.281581101844022
0 372 -17.281581101844022
0 373 -17.281581101844022
0 374 -17.281581101844022
0 375 -17.281581101844022
0 376 -17.281581101844022
0 377 -17.281581101844022
0 378 -17.281581101844022
0 379 -17.281581101844022
0 380 -17.281581101844022
0 381 -17.281581101844022
0 382 -17.281581101844022
0 383 -17.281581101844022
0 384 -17.281581101844022
0 385 -17.281581101844022
0 386 -17.281581101844022
0 387 -17.281581101844022
0 388 -17.281581101844022
0 389 -17.281581101844022
0 390 -17.281581101844022
0 391 -17.281581101844022
0 392 -17.281581101844022
0 393 -17.281581101844022
0 394 -17.281581101844022
0 395 -17.281581101844022
0 396 -17.281581101844022
0 397 -17.281581101844022
0 398 -17.281581101844022
0 399 -17.281581101844022
0 400 -17.281581101844022
0 401 -17.281581101844022
0 402 -17.281581101844022
0 403 -17.281581101844022
0 404 -17.281581101844022
0 405 -17.281581101844022
0 406 -17.281581101844022
0 407 -17.281581101844022
0 408 -17.281581101844022
0 409 -17.281581101844022
0 410 -17.281581101844022
0 411 -17.281581101844022
0 412 -17.281581101844022
0 413 -17.281581101844022
0 414 -17.281581101844022
0 415 -17.281581101844022
0 416 -17.281581101844022
0 417 -17.281581101844022
0 418 -17.281581101844022
0 419 -17.281581101844022
0 420 -17.281581101844022
0 421 -17.281581101844022
0 422 -17.281581101844022
0 423 -17.281581101844022
0 424 -17.281581101844022
0 425 -17.281581101844022
0 426 -17.281581101844022
0 427 -17.281581101844022
0 428 -17.281581101844022
0 429 -17.281581101844022
0 430 -17.281581101844022
0 431 -17.281581101844022
0 432 -17.281581101844022
0 433 -17.281581101844022
0 434 -17.281581101844022
0 435 -17.281581101844022
0 436 -17.281581101844022
0 437 -17.281581101844022
0 438 -17.281581101844022
0 439 -17.281581101844022
0 440 -17.281581101844022
0 441 -17.281581101844022
0 442 -17.281581101844022
0 443 -17.281581101844022
0 444 -17.281581101844022
0 445 -17.281581101844022
0 446 -17.281581101844022
0 447 -17.281581101844022
0 448 -17.281581101844022
0 449 -17.281581101844022
0 450 -17.281581101844022
0 451 -17.281581101844022
0 452 -17.281581101844022
0 453 -17.281581101844022
0 454 -17.281581101844022
0 455 -17.281581101844022
0 456 -17.281581101844022
0 457 -17.281581101844022
0 458 -17.281581101844022
0 459 -17.281581101844022
0 460 -17.281581101844022
0 461 -17.281581101844022
0 462 -17.281581101844022
0 463 -17.281581101844022
0 464 -17.281581101844022
0 465 -17.281581101844022
0 466 -17.281581101844022
0 467 -17.281581101844022
0 468 -17.281581101844022
0 469 -17.281581101844022
0 470 -17.281581101844022
0 471 -17.281581101844022
0 472 -17.281581101844022
0 473 -17.281581101844022
0 474 -17.281581101844022
0 475 -17.281581101844022
0 476 -17.281581101844022
0 477 -17.281581101844022
0 478 -17.281581101844022
0 479 -17.281581101844022
0 480 -17.281581101844022
0 481 -17.281581101844022
0 482 -17.281581101844022
0 483 -17.281581101844022
0 484 -17.281581101844022
0 485 -17.281581101844022
0 486 -17.281581101844022
0 487 -17.281581101844022
0 488 -17.281581101844022
0 489 -17.281581101844022
0 490 -17.281581101844022
0 491 -17.281581101844022
0 492 -17.281581101844022
0 493 -17.281581101844022
0 494 -17.281581101844022
0 495 -17.281581101844022
0 496 -17.281581101844022
0 497 -17.281581101844022
0 498 -17.281581101844022
0 499 -17.281581101844022
0 500 -17.281581101844022
0 501 -17.281581101844022
0 502 -17.281581101844022
0 503 -17.281581101844022
0 504 -17.281581101844022
0 505 -17.281581101844022
0 506 -17.281581101844022
0 507 -17.281581101844022
0 508 -17.281581101844022
0 509 -17.281581101844022
0 510 -17.281581101844022
0 511 -17.281581101844022
0 512 -17.281581101844022
0 513 -17.281581101844022
0 514 -17.281581101844022
0 515 -17.281581101844022
0 516 -17.281581101844022
0 517 -17.281581101844022
0 518 -17.281581101844022
0 519 -17.281581101844022
0 520 -17.281581101844022
0 521 -17.281581101844022
0 522 -17.281581101844022
0 523 -17.281581101844022
0 524 -17.281581101844022
0 525 -17.281581101844022
0 526 -17.281581101844022
0 527 -17.281581101844022
0 528 -17.281581101844022
0 529 -17.281581101844022
0 530 -17.281581101844022
0 531 -17.281581101844022
0 532 -17.281581101844022
0 533 -17.281581101844022
0 534 -17.281581101844022
0 535 -17.281581101844022
0 536 -17.281581101844022
0 537 -17.281581101844022
0 538 -17.281581101844022
0 539 -17.281581101844022
0 540 -17.281581101844022
0 541 -17.281581101844022
0 542 -17.281581101844022
0 543 -17.281581101844022
0 544 -17.281581101844022
0 545 -17.281581101844022
0 546 -17.281581101844022
0 547 -17.281581101844022
0 548 -17.281581101844022
0 549 -17.281581101844022
0 550 -17.281581101844022
0 551 -17.281581101844022
0 552 -17.281581101844022
0 553 -17.281581101844022
0 554 -17.281581101844022
0 555 -17.281581101844022
0 556 -17.281581101844022
0 557 -17.281581101844022
0 558 -17.281581101844022
0 559 -17.281581101844022
0 560 -17.281581101844022
0 561 -17.281581101844022
0 562 -17.281581101844022
0 563 -17.281581101844022
0 564 -17.281581101844022
0 565 -17.281581101844022
0 566 -17.281581101844022
0 567 -17.281581101844022
0 568 -17.281581101844022
0 569 -17.281581101844022
0 570 -17.281581101844022
0 571 -17.281581101844022
0 572 -17.281581101844022
0 573 -17.281581101844022
0 574 -17.281581101844022
0 575 -17.281581101844022
0 576 -17.281581101844022
0 577 -17.281581101844022
0 578 -17.281581101844022
0 579 -17.281581101844022
0 580 -17.281581101844022
0 581 -17.281581101844022
0 582 -17.281581101844022
0 583 -17.281581101844022
0 584 -17.281581101844022
0 585 -17.281581101844022
0 586 -17.281581101844022
0 587 -17.281581101844022
0 588 -17.281581101844022
0 589 -17.281581101844022
0 590 -17.281581101844022
0 591 -17.281581101844022
0 592 -17.281581101844022
0 593 -17.281581101844022
0 594 -17.281581101844022
0 595 -17.281581101844022
0 596 -17.281581101844022
0 597 -17.281581101844022
0 598 -17.281581101844022
0 599 -17.281581101844022
0 600 -17.281581101844022
0 601 -17.281581101844022
0 602 -17.281581101844022
0 603 -17.281581101844022
0 604 -17.281581101844022
0 605 -17.281581101844022
0 606 -17.281581101844022
0 607 -17.281581101844022
0 608 -17.281581101844022
0 609 -17.281581101844022
0 610 -17.281581101844022
0 611 -17.281581101844022
0 612 -17.281581101844022
0 613 -17.281581101844022
0 614 -17.281581101844022
0 615 -17.281581101844022
0 616 -17.281581101844022
0 617 -17.281581101844022
0 618 -17.281581101844022
0 619 -17.281581101844022
0 620 -17.281581101844022
0 621 -17.281581101844022
0 622 -17.281581101844022
0 623 -17.281581101844022
0 624 -17.281581101844022
0 625 -17.281581101844022
0 626 -17.281581101844022
0 627 -17.281581101844022
0 628 -17.281581101844022
0 629 -17.281581101844022
0 630 -17.281581101844022
0 631 -17.281581101844022
0 632 -17.281581101844022
0 633 -17.281581101844022
0 634 -17.281581101844022
0 635 -17.281581101844022
0 636 -17.281581101844022
0 637 -17.281581101844022
0 638 -17.281581101844022
0 639 -17.281581101844022
0 640 -17.281581101844022
0 641 -17.281581101844022
0 642 -17.281581101844022
0 643 -17.281581101844022
0 644 -17.281581101844022
0 645 -17.281581101844022
0 646 -17.281581101844022
0 647 -17.281581101844022
0 648 -17.281581101844022
0 649 -17.281581101844022
0 650 -17.281581101844022
0 651 -17.281581101844022
0 652 -17.281581101844022
0 653 -17.281581101844022
0 654 -17.281581101844022
0 655 -17.281581101844022
0 656 -17.281581101844022
0 657 -17.281581101844022
0 658 -17.281581101844022
0 659 -17.281581101844022
0 660 -17.281581101844022
0 661 -17.281581101844022
0 662 -17.281581101844022
0 663 -17.281581101844022
0 664 -17.281581101844022
0 665 -17.281581101844022
0 666 -17.281581101844022
0 667 -17.281581101844022
0 668 -17.281581101844022
0 669 -17.281581101844022
0 670 -17.281581101844022
0 671 -17.281581101844022
0 672 -17.281581101844022
0 673 -17.281581101844022
0 674 -17.281581101844022
0 675 -17.281581101844022
0 676 -17.281581101844022
0 677 -17.281581101844022
0 678 -17.281581101844022
0 679 -17.281581101844022
0 680 -17.281581101844022
0 681 -17.281581101844022
0 682 -17.281581101844022
0 683 -17.281581101844022
0 684 -17.281581101844022
0 685 -17.281581101844022
0 686 -17.281581101844022
0 687 -17.281581101844022
0 688 -17.281581101844022
0 689 -17.281581101844022
0 690 -17.281581101844022
0 691 -17.281581101844022
0 692 -17.281581101844022
0 693 -17.281581101844022
0 694 -17.281581101844022
0 695 -17.281581101844022
0 696 -17.281581101844022
0 697 -17.281581101844022
0 698 -17.281581101844022
0 699 -17.281581101844022
0 700 -17.281581101844022
0 701 -17.281581101844022
0 702 -17.281581101844022
0 703 -17.281581101844022
0 704 -17.281581101844022
0 705 -17.281581101844022
0 706 -17.281581101844022
0 707 -17.281581101844022
0 708 -17.281581101844022
0 709 -17.281581101844022
0 710 -17.281581101844022
0 711 -17.281581101844022
0 712 -17.281581101844022
0 713 -17.281581101844022
0 714 -17.281581101844022
0 715 -17.281581101844022
0 716 -17.281581101844022
0 717 -17.281581101844022
0 718 -17.281581101844022
0 719 -17.281581101844022
0 720 -17.281581101844022
0 721 -17.281581101844022
0 722 -17.281581101844022
0 723 -17.281581101844022
0 724 -17.281581101844022
0 725 -17.281581101844022
0 726 -17.281581101844022
0 727 -17.281581101844022
0 728 -17.281581101844022
0 729 -17.281581101844022
0 730 -17.281581101844022
0 731 -17.281581101844022
0 732 -17.281581101844022
0 733 -17.281581101844022
0 734 -17.281581101844022
0 735 -17.281581101844022
0 736 -17.281581101844022
0 737 -17.281581101844022
0 738 -17.281581101844022
0 739 -17.281581101844022
0 740 -17.281581101844022
0 741 -17.281581101844022
0 742 -17.281581101844022
0 743 -17.281581101844022
0 744 -17.281581101844022
0 745 -17.281581101844022
0 746 -17.281581101844022
0 747 -17.281581101844022
0 748 -17.281581101844022
0 749 -17.281581101844022
0 750 -17.281581101844022
0 751 -17.281581101844022
0 752 -17.281581101844022
0 753 -17.281581101844022
0 754 -17.281581101844022
0 755 -17.281581101844022
0 756 -17.281581101844022
0 757 -17.281581101844022
0 758 -17.281581101844022
0 759 -17.281581101844022
0 760 -17.281581101844022
0 761 -17.281581101844022
0 762 -17.281581101844022
0 763 -17.281581101844022
0 764 -17.281581101844022
0 765 -17.281581101844022
0 766 -17.281581101844022
0 767 -17.281581101844022
0 768 -17.281581101844022
0 769 -17.281581101844022
0 770 -17.281581101844022
0 771 -17.281581101844022
0 772 -17.281581101844022
0 773 -17.281581101844022
0 774 -17.281581101844022
0 775 -17.281581101844022
0 776 -17.281581101844022
0 777 -17.281581101844022
0 778 -17.281581101844022
0 779 -17.281581101844022
0 780 -17.281581101844022
0 781 -17.281581101844022
0 782 -17.281581101844022
0 783 -17.281581101844022
0 784 -17.281581101844022
0 785 -17.281581101844022
0 786 -17.281581101844022
0 787 -17.281581101844022
0 788 -17.281581101844022
0 789 -17.281581101844022
0 790 -17.281581101844022
0 791 -17.281581101844022
0 792 -17.281581101844022
0 793 -17.281581101844022
0 794 -17.281581101844022
0 795 -17.281581101844022
0 796 -17.281581101844022
0 797 -17.281581101844022
0 798 -17.281581101844022
0 799 -17.281581101844022
0 800 -17.281581101844022
0 801 -17.281581101844022
0 802 -17.281581101844022
0 803 -17.281581101844022
0 804 -17.281581101844022
0 805 -17.281581101844022
0 806 -17.281581101844022
0 807 -17.281581101844022
0 808 -17.281581101844022
0 809 -17.281581101844022
0 810 -17.281581101844022
0 811 -17.281581101844022
0 812 -17.281581101844022
0 813 -17.281581101844022
0 814 -17.281581101844022
0 815 -17.281581101844022
0 816 -17.281581101844022
0 817 -17.281581101844022
0 818 -17.281581101844022
0 819 -17.281581101844022
0 820 -17.281581101844022
0 821 -17.281581101844022
0 822 -17.281581101844022
0 823 -17.281581101844022
0 824 -17.281581101844022
0 825 -17.281581101844022
0 826 -17.281581101844022
0 827 -17.281581101844022
0 828 -17.281581101844022
0 829 -17.281581101844022
0 830 -17.281581101844022
0 831 -17.281581101844022
0 832 -17.281581101844022
0 833 -17.281581101844022
0 834 -17.281581101844022
0 835 -17.281581101844022
0 836 -17.281581101844022
0 837 -17.281581101844022
0 838 -17.281581101844022
0 839 -17.281581101844022
0 840 -17.281581101844022
0 841 -17.281581101844022
0 842 -17.281581101844022
0 843 -17.281581101844022
0 844 -17.281581101844022
0 845 -17.281581101844022
0 846 -17.281581101844022
0 847 -17.281581101844022
0 848 -17.281581101844022
0 849 -17.281581101844022
0 850 -17.281581101844022
0 851 -17.281581101844022
0 852 -17.281581101844022
0 853 -17.281581101844022
0 854 -17.281581101844022
0 855 -17.281581101844022
0 856 -17.281581101844022
0 857 -17.281581101844022
0 858 -17.281581101844022
0 859 -17.281581101844022
0 860 -17.281581101844022
0 861 -17.281581101844022
0 862 -17.281581101844022
0 863 -17.281581101844022
0 864 -17.281581101844022
0 865 -17.281581101844022
0 866 -17.281581101844022
0 867 -17.281581101844022
0 868 -17.281581101844022
0 869 -17.281581101844022
0 870 -17.281581101844022
0 871 -17.281581101844022
0 872 -17.281581101844022
0 873 -17.281581101844022
0 874 -17.281581101844022
0 875 -17.281581101844022
0 876 -17.281581101844022
0 877 -17.281581101844022
0 878 -17.281581101844022
0 879 -17.281581101844022
0 880 -17.281581101844022
0 881 -17.281581101844022
0 882 -17.281581101844022
0 883 -17.281581101844022
0 884 -17.281581101844022
0 885 -17.281581101844022
0 886 -17.281581101844022
0 887 -17.281581101844022
0 888 -17.281581101844022
0 889 -17.281581101844022
0 890 -17.281581101844022
0 891 -17.281581101844022
0 892 -17.281581101844022
0 893 -17.281581101844022
0 894 -17.281581101844022
0 895 -17.281581101844022
0 896 -17.281581101844022
0 897 -17.281581101844022
0 898 -17.281581101844022
0 899 -17.281581101844022
0 900 -17.281581101844022
0 901 -17.281581101844022
0 902 -17.281581101844022
0 903 -17.281581101844022
0 904 -17.281581101844022
0 905 -17.281581101844022
0 906 -17.281581101844022
0 907 -17.281581101844022
0 908 -17.281581101844022
0 909 -17.281581101844022
0 910 -17.281581101844022
0 911 -17.281581101844022
0 912 -17.281581101844022
0 913 -17.281581101844022
0 914 -17.281581101844022
0 915 -17.281581101844022
0 916 -17.281581101844022
0 917 -17.281581101844022
0 918 -17.281581101844022
0 919 -17.281581101844022
0 920 -17.281581101844022
0 921 -17.281581101844022
0 922 -17.281581101844022
0 923 -17.281581101844022
0 924 -17.281581101844022
0 925 -17.281581101844022
0 926 -17.281581101844022
0 927 -17.281581101844022
0 928 -17.281581101844022
0 929 -17.281581101844022
0 930 -17.281581101844022
0 931 -17.281581101844022
0 932 -17.281581101844022
0 933 -17.281581101844022
0 934 -17.281581101844022
0 935 -17.281581101844022
0 936 -17.281581101844022
0 937 -17.281581101844022
0 938 -17.281581101844022
0 939 -17.281581101844022
0 940 -17.281581101844022
0 941 -17.281581101844022
0 942 -17.281581101844022
0 943 -17.281581101844022
0 944 -17.281581101844022
0 945 -17.281581101844022
0 946 -17.281581101844022
0 947 -17.281581101844022
0 948 -17.281581101844022
0 949 -17.281581101844022
0 950 -17.281581101844022
0 951 -17.281581101844022
0 952 -17.281581101844022
0 953 -17.281581101844022
0 954 -17.281581101844022
0 955 -17.281581101844022
0 956 -17.281581101844022
0 957 -17.281581101844022
0 958 -17.281581101844022
0 959 -17.281581101844022
0 960 -17.281581101844022
0 961 -17.281581101844022
0 962 -17.281581101844022
0 963 -17.281581101844022
0 964 -17.281581101844022
0 965 -17.281581101844022
0 966 -17.281581101844022
0 967 -17.281581101844022
0 968 -17.281581101844022
0 969 -17.281581101844022
0 970 -17.281581101844022
0 971 -17.281581101844022
0 972 -17.281581101844022
0 973 -17.281581101844022
0 974 -17.281581101844022
0 975 -17.281581101844022
0 976 -17.281581101844022
0 977 -17.281581101844022
0 978 -17.281581101844022
0 979 -17.281581101844022
0 980 -17.281581101844022
0 981 -17.281581101844022
0 982 -17.281581101844022
0 983 -17.281581101844022
0 984 -17.281581101844022
0 985 -17.281581101844022
0 986 -17.281581101844022
0 987 -17.281581101844022
0 988 -17.281581101844022
0 989 -17.281581101844022
0 990 -17.281581101844022
0 991 -17.281581101844022
0 992 -17.281581101844022
0 993 -17.281581101844022
0 994 -17.281581101844022
0 995 -17.281581101844022
0 996 -17.281581101844022
0 997 -17.281581101844022
0 998 -17.281581101844022
0 999 -17.281581101844022
1 639 -11.450079100131418
2 523 -0.8182588646971996
3 419 -14.7216980086773
4 486 -30.594920575903455
5 0 -32.622926161408444
6 862 -12.282701467169154
7 0 -63.75906821299617
10 500 -12.565754511724178
11 470 -28.430235594240916
12 596 -11.907085698952312
13 932 -24.711819449870625
14 536 -123.70196383892609
16 288 -5.551200824690942
17 0 -15.082905665658124
18 0 -11.548422054858769
19 500 -12.6847908352388
20 284 -3.16871424436988
21 412 -4.498409791848115
22 236 -12.213391453870257
23 426 -35.457206986193626
24 478 -13.871867295935806
26 866 -16.231507423769052
27 822 -6.097290983862525
29 830 -7.275201988379819
31 170 -15.629971706014963
32 597 -8.368442222010671
33 350 -94.54593804655148
34 515 -5.5031473256352985
35 276 -20.992397347624316
36 344 -15.692539792800858
37 736 -3.9958381435317643
38 430 -3.938063444132236
40 285 -7.249194396514579
41 232 -8.707364564202939
42 830 -9.36286399276668
44 925 -29.023517271367385
45 429 -4.474667831976283
46 569 -2.338526843650902
47 143 -18.844376103292795
48 478 -59.353380577728984
50 498 -20.43530426590463
51 645 -12.735928130004561
52 511 -38.63008543298142
54 350 -19.872852419421548
55 34 -15.726562948322025
56 0 -13.551804018427925
57 561 -31.021752198812933
58 712 -7.200655356499868
59 490 -30.76318321034431
60 466 -8.480437819936267
61 283 -36.291790435673796
62 643 -12.435232812649108
63 786 -11.564071197419947
64 609 -33.752031456844286
66 752 -5.514811010535119
67 530 -12.517232654701484
68 0 -195.4136037403673
69 16 -33.573682012760635
70 0 -13.038239425575325
71 209 -9.409824812229319
72 382 -37.91550274277879
73 0 -12.791101896721313
77 308 -12.153954940677693
79 568 -5.791786848110851
80 282 -24.272605142110727
81 513 -86.77334265190967
82 0 -75.23614287592804
83 613 -6.125749812878491
84 285 -24.04107792747886
86 897 -14.831401026730926
88 348 -8.545587185813176
89 99 -4.710497823607469
90 200 -23.90450011821468
91 749 -4.475703987970072
92 920 -7.837685231716149
93 782 -9.065436496276213
94 0 -15.638181262092116
95 379 -5.955424643652212
97 895 -92.10236218896449
98 619 -15.140223856952055
99 123 -7.18465137097154
102 0 -4.827514001798562
103 0 -9.209843751666956
104 128 -12.352256141582366
105 0 -195.4136037403673
106 644 -8.388301898918666
107 0 -11.279810515096047
108 536 -5.065690192355657
109 222 -3.165542458061202
111 0 -39.07062708307148
112 588 -4.170286570291508
113 155 -19.215645932298568
114 533 -34.773317267286245
115 443 -12.1055109967694
116 609 -11.428842355508182
117 441 -7.179074330149832
118 374 -57.15209980442311
120 0 -11.075981699752765
121 880 -6.843890482983951
122 125 -8.266059484956928
123 90 -15.129818694473332
125 280 -10.508805232181837
127 0 -12.692245079551931
128 8 -9.29405793557552
129 399 -1.4347836188228076
130 454 -7.862520526248805
131 488 -24.348615575784855
132 88 -14.198694501889266
133 381 -12.002141883460757
134 382 -17.205495141558043
135 197 -12.45237234726199
136 211 -3.2368800026018043
137 877 -6.295621609353064
139 0 -109.50786333048084
140 377 -35.97824773661859
141 485 -15.717770654114016
142 490 -6.063321476842094
143 60 -7.376280186845839
144 620 -32.38849599762886
145 0 -9.282934108745199
146 319 -8.632558489677516
147 292 -19.03017817644678
148 627 -6.784106967251402
149 67 -23.77162375249346
151 161 -12.761327406275859
153 951 -0.4853897335315779
154 466 -1.7167469153005963
155 395 -13.54047292671096
156 954 -28.489600045310674
158 851 -8.174233092925277
160 575 -14.870509833882178
163 0 -10.452278541510134
164 610 -16.219362023975474
166 871 -11.801691439338773
167 514 -14.346798067142693
168 533 -4.661560058862975
169 889 -8.498538848811974
170 153 -27.989893985711316
173 0 -18.237077936903894
174 426 -1.6987607096623416
175 0 -9.721263133706811
178 60 -4.871021244941434
180 93 -16.094384943049185
181 970 -4.827514001798562
182 0 -7.25621938787301
183 119 -15.355936780166516
184 172 -12.802553484462386
185 0 -6.417653397816363
186 624 -20.78800888302245
187 689 -9.169092834091119
189 220 -34.42559095143174
190 720 -64.2129324211794
191 0 -30.043961977281874
192 0 -8.902980476916825
194 872 -8.147225054939888
196 0 -37.995683586877
197 530 -1.8794922570591166
198 771 -75.94149804787821
199 537 -12.60656174055274
201 0 -4.3727427089587865
202 238 -141.65866073223006
203 112 -25.77670317554041
204 166 -8.822917493748482
205 544 -2.09561154922086
206 299 -4.827514001798562
207 594 -12.727249367744212
208 245 -11.03132037969352
209 500 -15.140223856952055
210 355 -26.31917441042187
211 742 -89.08954096607941
212 368 -3.8589336817221613
213 532 -88.83393470654518
214 475 -7.254875488159051
215 570 -28.763609319691096
216 0 -14.726695506262788
218 937 -10.998051355469322
219 386 -10.082022996157903
220 311 -36.49846820409148
221 671 -94.75128074455685
222 264 -4.054957725642511
223 895 -10.466322322104064
224 583 -8.661239911736043
225 100 -26.677263362663457
229 0 -8.316614221055605
230 868 -6.810869648619948
231 688 -7.291283093333359
232 472 -11.106282499644916
233 464 -11.491502463113632
234 500 -88.41800535656795
235 285 -4.208614099193382
236 603 -12.455828500239699
237 731 -16.789219976381126
238 743 -3.3634360954136655
239 409 -17.814043245425278
240 240 -3.1463382271381137
241 545 -33.79995653095477
242 403 -66.1207594058209
244 616 -7.874245498489452
245 485 -1.3284438846719588
246 368 -22.34977512934872
248 611 -21.282207531261932
251 542 -0.6724158525707425
252 0 -12.763584306821423
253 355 -7.524436231203788
254 524 -13.830686786763465
256 271 -7.0211283701208265
257 888 -18.099159969160834
258 508 -14.142530734450263
259 333 -12.406217816321282
260 329 -12.715125726192662
261 910 -161.50928343500146
262 641 -5.17410866129403
263 385 -11.501304420061224
264 320 -12.060518482016967
265 148 -15.319618376078367
266 664 -18.287479448267568
267 255 -3.7098429071747785
268 986 -4.457879809403926
269 478 -33.09013977243976
270 817 -12.2705428101757
271 399 -6.9429435895807625
272 759 -9.4653490057416
273 333 -6.162221397288528
274 265 -12.505154582996559
275 246 -93.59985355859516
276 532 -11.851824339147743
277 590 -7.730776423368659
278 993 -22.612784796719815
279 22 -69.82830885159011
280 116 -102.70508294539906
281 345 -4.827514001798562
282 767 -16.380392292906116
283 441 -15.140223856952055
286 556 -2.9910344597335037
287 793 -9.818975875753141
288 765 -3.8051604580877325
289 922 -12.604499721759858
290 40 -21.95538400015994
293 734 -12.186524052535102
294 247 -16.506844805296918
295 500 -5.704969873384218
296 130 -3.10729980509118
297 926 -5.265784727307403
298 0 -1.6253569190245116
299 0 -1.558288823776822
300 286 -7.08315457609312
301 612 -30.713239834003986
302 703 -15.0930877334693
303 877 -8.076795192984733
304 588 -53.51345709712385
305 839 -6.57554648436755
306 124 -15.220801576254027
307 959 -7.707557054759244
308 140 -4.676485176060293
309 315 -21.333849616091683
310 508 -4.827514001798562
311 191 -15.140223856952055
313 608 -60.53977688479356
314 946 -6.135935023676995
315 441 -75.0086670137068
316 313 -71.62957664135227
317 80 -26.223899389045
318 780 -69.00179237814348
319 80 -29.694162436632666
320 493 -60.272280059245965
322 0 -15.036524789223549
323 0 -8.640567584689082
325 442 -8.449518785054165
327 729 -34.80584555044854
328 44 -22.699100377987254
330 411 -4.33523272585837
331 620 -22.623792594993663
332 389 -24.037636600439882
333 693 -78.67139534245376
334 0 -12.141583765598252
335 666 -58.26411967064161
336 308 -6.601375196712006
337 479 -15.922942904138278
338 522 -4.454701961529176
339 11 -8.502455512980527
340 240 -3.6085767287865855
342 494 -92.24514456890012
343 865 -15.291068640991535
345 807 -0.82290665893313
346 235 -127.84754979118752
347 880 -51.84594504484458
348 721 -3.7963540063821477
349 650 -2.757646280653512
350 591 -29.79994180797769
351 767 -20.068519314597985
352 600 -33.85756170838357
353 490 -7.360280930639844
354 714 -16.197910940960778
356 485 -31.819764018295885
357 755 -207.9997568615909
358 473 -15.140223856952055
359 0 -9.917416255028053
361 0 -5.563305754074107
362 281 -21.728698410702965
365 345 -118.4363149213589
366 182 -15.140223856952055
367 109 -48.502331067715104
368 154 -31.025024832252235
369 570 -3.254165766993614
370 128 -2.5495596304780768
371 0 -16.43267287916991
372 640 -1.6326099713089686
373 852 -9.462936772415
374 760 -32.98523011762005
375 109 -54.359377419448684
376 454 -11.800910616773725
377 556 -11.255015084420402
378 352 -7.831042860046674
379 502 -14.983896731151845
380 500 -30.748122109438082
381 0 -35.156022709669124
382 197 -8.622927508732964
383 0 -10.35154253606842
384 766 -16.00106993911628
385 753 -18.418849032305005
386 957 -6.874644870375787
388 369 -12.536459460500414
390 42 -14.180648552144183
391 259 -11.91936604455083
392 865 -15.205884406398031
395 619 -15.834778607548404
396 685 -34.25496581374415
397 400 -31.55576568210755
398 758 -12.646616450693607
399 265 -33.316803129605574
400 860 -10.112893956605086
401 0 -0.8369965217605445
402 500 -4.607977062764002
403 769 -1.5278683850012276
404 265 -2.4530418736703985
405 146 -18.006698452591912
406 644 -2.869880508855855
407 984 -11.055018625474435
408 805 -33.23302646221162
409 776 -4.302114119917452
410 675 -15.140223856952055
411 630 -33.33292367057739
413 0 -13.298301946874359
415 571 -52.59579892323923
416 671 -16.648785446702785
417 0 -2.387950684627679
418 803 -12.840692910516566
419 171 -31.545194124559906
420 727 -11.901607404839856
421 784 -16.85926673684756
422 405 -9.64148111832698
423 82 -9.628935001497519
424 498 -11.549738433671028
425 218 -12.708800517536464
426 923 -33.96934845024083
427 216 -9.58797215508962
428 616 -3.888050778091151
429 298 -33.47149137068496
430 134 -1.7324946696980805
432 608 -34.65882802617127
433 100 -4.258106172355891
434 393 -19.038372229259238
435 786 -33.940375540205
436 447 -10.341395187215403
437 469 -29.480778896892975
438 0 -6.925755529664885
439 760 -34.803669626110995
440 788 -4.576608898112954
441 42 -50.491001268836825
442 596 -12.727122646911921
443 871 -62.938387814013765
444 893 -4.93452611226992
445 0 -30.256650537508374
446 526 -75.09153271186206
447 377 -91.45118811302677
448 584 -1.71691079329609
449 5 -4.008869629719359
450 500 -14.875544565831282
451 531 -29.220782876696664
452 857 -1.3398817106815415
453 606 -31.212182060386073
454 123 -9.219364519660859
455 940 -15.219185739574659
456 351 -30.79882961746801
457 313 -30.4387997176017
458 260 -27.2463908069727
460 0 -21.93429619670756
461 202 -7.584332163589062
462 161 -1.6817555567027633
463 958 -29.52957346711087
464 271 -177.84780934083585
465 357 -9.819975774817603
466 244 -91.21826831625307
467 833 -221.2473272444849
468 398 -62.69414256150524
469 977 -23.78995594712292
470 852 -33.9204243087298
473 0 -8.42607906943543
475 316 -4.288081097492642
476 220 -1.6372708277279142
477 684 -79.46381016989764
478 568 -94.35020394457705
479 0 -12.774980730875392
480 666 -9.103655674814478
481 654 -8.901627130602554
482 493 -2.6649862643967794
485 270 -27.663438240140685
486 54 -34.265983727892156
487 12 -23.696869479378858
489 238 -9.975804506659424
491 489 -12.271136236593616
492 346 -9.351016472330048
494 892 -108.57340072220086
495 791 -4.493752989018875
496 887 -14.511734166229783
497 865 -14.145921879815768
498 572 -4.827514001798562
499 404 -4.399876598611177
500 854 -9.139884360565556
501 0 -2.295858497033299
502 380 -15.144216471814039
503 475 -11.811351102786539
504 393 -20.653474111948935
505 171 -10.175710105131078
507 0 -78.20147778239802
508 780 -6.338833009131264
509 310 -5.644769272288452
510 671 -195.4136037403673
511 200 -11.159035812702495
512 576 -28.448310667579808
513 499 -13.696722061503545
514 84 -30.742315798398277
515 345 -2.9584736655293384
516 717 -32.15135755453913
517 910 -8.667856327891215
519 290 -25.00343775289775
520 278 -13.689219422885662
521 455 -4.659509728503822
522 326 -1.5097782088080867
524 48 -30.246591645359086
525 267 -89.55510688447883
526 199 -80.1113437522366
527 0 -15.197299590483054
528 681 -16.108803928864713
531 483 -28.17455460626774
532 0 -2.741005100671665
533 446 -9.371820998514355
534 981 -132.84676444653647
535 736 -1.8043915174715124
537 787 -12.15104580122324
539 0 -4.9858952216818295
540 0 -39.465446830433464
542 824 -78.67139534245376
543 0 -18.650362959864857
544 665 -29.857128471015074
545 662 -8.132870951806568
546 707 -1.9185611793437531
547 216 -2.6865995554092006
548 0 -3.6182682482139423
549 614 -10.473943946293238
550 850 -5.25997071884408
551 525 -14.460264548202607
552 956 -24.148731090721945
554 267 -8.680682383882282
555 534 -4.359324078849186
557 390 -26.555341295521334
558 458 -21.468834813992498
560 0 -20.647760671999208
561 910 -10.577202875148862
563 170 -2.885981067793094
564 538 -11.633954143260864
565 908 -3.7969633756248737
566 905 -90.6414255981363
567 490 -14.44809385956572
569 312 -94.26063348830469
570 672 -16.265546017939528
571 528 -9.84552963834542
572 494 -55.92332094414525
573 640 -18.205593775465065
574 721 -8.7148462913766
575 989 -9.172689327971653
576 0 -4.827514001798562
578 456 -20.87476239253166
579 194 -33.86671986598007
581 490 -8.140190083175865
583 671 -16.24229414489225
584 798 -9.363833161028863
586 822 -22.6753524785138
587 335 -5.649303395928336
588 253 -24.860035742425477
589 330 -11.796166157291534
590 576 -39.87921019503807
592 542 -2.7846547224373377
594 103 -11.137543453817573
595 592 -34.05413307509417
597 197 -83.50779180369808
598 29 -19.87126064880982
599 0 -7.158753651293478
601 0 -47.2213630303223
602 445 -25.348103603985763
603 0 -16.924247065354134
604 337 -131.46457759560028
605 693 -79.66432156573055
607 93 -1.9597237574451474
608 560 -15.140223856952055
609 927 -8.7147274094101
610 584 -27.58210607034031
611 594 -9.2406641559234
613 597 -7.434509584346056
614 500 -12.642982716854412
617 934 -32.767111614594896
618 766 -3.385388784543187
619 349 -14.36220718309384
620 888 -14.66739451988035
621 685 -7.941124271698697
622 92 -195.4136037403673
624 713 -33.549738570664
625 831 -17.117925518811003
626 170 -16.128067067325713
627 246 -1.6151652176744515
629 770 -46.280618433299395
630 365 -6.58871467210639
631 0 -13.237444646621944
632 225 -18.604667757916896
633 898 -13.684773998476649
634 533 -14.887482070322372
635 669 -77.25887288879099
636 0 -12.340892471132957
637 460 -233.90186766795972
638 335 -92.29901250797136
640 102 -4.168096850257214
641 810 -13.96406264976141
642 473 -5.820079925495215
643 760 -11.920332397693102
644 0 -29.208444224527845
645 662 -1.6779332096665105
646 966 -31.331226510182795
648 311 -13.436510399206776
649 500 -6.955354411561661
650 771 -51.64477186749828
651 561 -3.985900355759781
652 884 -15.12826716884711
653 298 -19.623845837059413
654 175 -11.91440229283636
656 235 -9.246361953143154
657 787 -23.721189126559203
658 952 -11.525313119340003
659 965 -19.22452073420332
661 352 -15.921213162200129
662 299 -4.603036783039321
664 250 -34.27815512749809
665 0 -7.114205027451968
666 893 -32.722371671351475
668 294 -34.20947658619916
669 831 -4.22739248779127
670 667 -7.974952030282194
671 483 -8.396589215487822
672 0 -54.87718680760254
676 747 -17.860063898263412
678 34 -9.466391647280373
679 512 -94.74181544427547
680 322 -67.8885062949826
681 315 -44.50064796781591
682 92 -13.009004727704058
683 381 -8.599606991347713
684 483 -18.111768021221575
685 625 -15.143901669632696
686 733 -96.29253954096815
687 240 -155.1857486512143
688 712 -26.42535188097672
689 627 -12.710578097018784
690 0 -25.80647820475714
691 908 -8.476272966292475
692 283 -30.752020498569255
693 493 -21.922948608811136
694 707 -4.5833498968343
695 0 -37.3132321196739
696 808 -8.756000764321046
697 269 -15.348716240661096
699 505 -5.6281566778190255
700 674 -12.790606216432373
701 188 -13.619804690772563
702 999 -47.21909111092168
704 761 -16.8293387122153
705 923 -8.582723108039575
706 685 -33.58382423652247
707 944 -6.5518396458583545
709 318 -33.24006814630235
711 318 -8.591176597483113
712 0 -4.827514001798562
713 158 -4.827514001798562
714 722 -4.827514001798562
715 467 -17.23001357197877
716 458 -26.491186341931325
717 223 -163.04669232863628
718 932 -14.943649186297908
719 406 -15.140223856952055
721 710 -23.295499968384732
722 34 -1.9091269133385649
723 339 -34.52371208148556
724 500 -12.786891216036036
725 375 -127.54314657787579
727 916 -12.410301147993332
728 0 -9.873615063661637
729 89 -3.265704019172187
730 741 -5.276450670226256
731 140 -25.66852378258081
732 783 -32.66715119200374
733 968 -32.17107550053976
734 884 -17.09034148018417
735 302 -8.407112527105546
736 345 -86.8964532453882
737 511 -3.3808185186767514
738 0 -32.805040791356525
739 556 -17.287905678033802
741 194 -13.875451855154974
742 0 -3.6254832475826575
743 644 -4.514794459565692
744 0 -17.13254133612178
745 362 -4.7159377769122175
746 944 -15.749945212784832
747 227 -6.6218726505743835
748 747 -135.80444747830654
749 0 -7.597393160797876
750 576 -12.138919715188337
751 166 -4.1900037912264025
752 543 -10.004697341839993
753 153 -8.14762851448234
754 571 -16.239558321078878
756 265 -33.93838571205529
757 142 -5.338086505313082
758 747 -4.441829578314774
759 855 -2.4634200916367033
760 502 -1.7233952805367672
761 142 -43.92439355642358
762 579 -8.614912801139152
764 864 -1.7288274354252542
765 424 -34.02630869840346
766 893 -4.55658386627058
767 386 -11.283409790488928
768 0 -26.05401375348641
769 513 -6.7371692191567565
770 871 -26.205837035027592
771 484 -11.148518364463158
772 586 -57.83957699559007
773 395 -11.550465495728888
774 0 -3.7876857459506525
775 111 -94.60870962632958
776 827 -3.510977591727381
777 763 -4.827514001798562
778 8 -19.511537346764552
779 309 -14.849192546204995
780 0 -14.689978313076988
781 522 -4.827514001798562
782 0 -87.5280022423646
784 344 -8.064145246723752
785 408 -14.73603484670596
787 390 -2.6657112284084925
788 505 -13.64483006436159
790 571 -16.517923676634364
791 466 -15.140223856952055
792 542 -7.77681670619634
793 127 -12.48955954609923
794 662 -54.98064146024233
795 0 -8.503792359352738
796 214 -4.827514001798562
797 292 -1.6724575122585608
798 368 -9.223383434267271
799 600 -23.6393643322441
800 877 -19.947132165607087
801 0 -4.708863142731685
803 876 -17.329980176784677
804 708 -7.543042563677899
806 273 -195.4136037403673
808 592 -15.984270612316884
809 944 -36.04192531454108
810 448 -4.827514001798562
813 488 -10.072746297726269
814 887 -12.386578063206134
815 115 -1.3362983823174004
816 511 -181.00810767555657
817 0 -24.872242924590488
818 904 -4.91178369621028
819 442 -4.458135466938245
820 110 -1.6286202125276261
821 796 -10.39612151394092
822 810 -12.643319164902497
823 990 -11.308272874767875
824 536 -45.633610341487845
825 0 -13.525719981345127
826 206 -10.875212697104102
827 325 -33.74872261196419
828 905 -27.95456865147296
829 280 -29.40954483142715
830 215 -17.99588464778407
832 403 -4.5648153994738845
833 625 -4.813208445254783
834 0 -60.024753413295755
835 955 -14.414486406023583
836 534 -9.052285797656621
837 0 -34.56410634382196
838 772 -17.12701583439788
839 752 -4.827514001798562
840 49 -34.732789389532336
841 450 -47.21909111092168
842 53 -15.140223856952055
843 987 -13.335887999359636
844 315 -14.389825324350923
845 0 -11.76478257536235
846 703 -7.486949945449865
847 0 -22.296873506156167
848 810 -11.123881118244473
849 445 -37.90432075856532
850 516 -22.636939428268143
851 866 -148.57912217592235
852 892 -11.921822654495775
853 184 -2.0245117318542416
854 648 -9.341369211576433
855 679 -33.64147699139999
856 797 -17.89689448694277
857 574 -21.143996935590014
859 308 -33.140195911166366
861 0 -12.072249948153654
862 615 -12.340369046254988
863 334 -21.69075049158365
864 143 -34.211644991308894
865 700 -7.050252745448786
866 163 -88.28488607854732
867 695 -77.69373667402556
868 61 -20.247615956134176
869 262 -6.765395271368557
870 57 -8.0939951480228
871 747 -12.033797277367928
874 461 -4.827514001798562
875 37 -41.50922494098968
876 309 -14.349268936722867
877 95 -17.50175909426877
878 430 -91.60691433542793
879 636 -5.016803336806515
880 594 -3.3788714776303155
881 0 -18.53566378911352
882 225 -16.971449173610704
883 828 -5.467780230741613
884 501 -3.028405687410418
885 714 -75.57641021804251
887 0 -26.13213739689316
888 735 -10.501882504994738
889 260 -4.944981106420673
890 199 -5.899018314373078
891 0 -34.79058078057759
892 539 -174.89812837167082
893 948 -5.751890022242647
894 172 -29.51731691778192
895 62 -8.35452034963147
897 284 -13.680834749845447
898 669 -31.818970446743602
899 569 -4.827514001798562
900 797 -12.035200370317929
901 668 -4.827514001798562
902 227 -8.152811244415934
903 300 -4.565508414610244
905 300 -63.617011015843296
906 387 -167.7056034530641
907 346 -15.509654701220256
909 510 -3.2782335586717424
910 647 -19.512281743665078
913 742 -53.74961560766554
914 726 -8.713169223499596
915 679 -7.278634995418529
916 839 -15.399176943944443
918 0 -4.827514001798562
919 433 -8.720559146638328
920 402 -10.361991058066222
921 0 -6.167392935613426
922 308 -1.901761946158438
923 822 -4.548044683591434
924 292 -30.69540402456544
925 0 -90.39898310477004
927 731 -9.071887524680369
928 337 -16.97335666093428
929 630 -67.37509173087588
930 334 -31.43166225945702
931 474 -20.858523880327834
932 911 -20.554868469568024
933 429 -24.078692971644603
934 866 -4.827514001798562
935 0 -7.591700673527501
936 789 -19.619937233823748
937 630 -32.830932550406
938 671 -59.31315801993104
942 0 -137.31338203234245
943 500 -7.535809007198021
944 200 -8.482659757831717
945 516 -30.71096917856837
946 405 -13.923015761187726
947 0 -28.1164764782568
948 350 -64.56937750026134
949 448 -78.86167621844955
950 791 -2.6305256345965446
951 0 -33.47106770184677
952 708 -16.10742155362845
954 0 -12.801317425034666
956 365 -26.568264718065226
957 521 -25.852469432928476
958 292 -11.743000423167189
959 772 -34.735486940942415
960 593 -34.439125601219985
961 992 -16.478457801555674
962 645 -56.0759221215868
964 833 -17.998519316870446
965 588 -64.95783817494335
966 0 -29.585284993935655
967 904 -31.671824303440086
968 430 -10.71938661474791
969 408 -78.0848350511967
970 785 -7.809207205575464
972 0 -3.9081166142933568
973 392 -4.827514001798562
974 927 -77.59747363298237
975 892 -34.7830095721228
976 251 -13.461244323489588
977 452 -34.2564691601697
978 375 -7.892175735191334
979 0 -12.461694530913244
980 967 -3.1659044764129614
981 813 -12.597296058393928
982 600 -9.549211638734914
983 599 -4.9223559651337485
985 899 -9.02934811643886
986 98 -76.74917329492575
987 788 -36.44559925307299
988 354 -10.41398219139669
989 500 -6.741245423809882
990 0 -15.140223856952055
991 353 -10.650439057197797
992 31 -6.222069049325874
994 914 -15.140223856952055
995 253 -10.4335863079953
996 873 -29.459711052520955
997 946 -41.11907400693845
998 922 -6.547422218163019
999 747 -14.58151928081285
