0 325 1.7831100985092305
1 129 2.08138743332944
2 121 1.0845262621222842
3 0 0.809400038787495
4 397 0.8841644062577886
5 742 7.303048190529371
6 0 14.394428889293417
7 0 5.733416342409276
8 710 15.112845196219798
9 342 2.9462746422505006
10 349 15.860130178283743
11 130 0.024889580161665113
12 847 5.391347897695356
13 223 1.1510766471263736
14 574 1.3347856116978523
15 330 3.0321312349223084
16 833 1.1073965611001753
17 930 0.4419630358228538
18 298 2.1027602826655105
19 596 0.25583651715018385
20 455 0.8153173523269783
21 318 2.1814125240842666
22 0 1.0264390110866999
24 519 0.3209329184190299
25 300 2.714775078321774
26 0 0.30663668102262975
27 0 2.375801773293728
28 0 2.6666321587938544
29 284 0.24498372133443058
31 72 0.8760695513692056
32 845 6.5132401488223435
33 298 1.0474052499525741
35 950 1.0
36 976 0.11061461770494516
37 591 0.41964546658527885
38 348 1.0247265824480472
40 0 0.7132672487970971
41 882 2.264052404377505
42 606 28.82069317185705
43 241 0.28929946103462534
44 633 1.861731296186576
45 303 5.404545996563188
46 122 0.38270802345788535
47 758 5.451707319005104
48 234 0.11890873561796647
49 785 0.06469620482188518
50 0 1.36679744867834
51 158 4.381363067118201
52 812 3.2100697751756737
53 281 1.4649158911462716
54 0 1.0204912868216025
56 639 7.322557950771444
57 664 0.9704445085200304
58 881 1.5107612464934852
59 831 2.376278937715214
61 443 2.1793757117474866
62 950 1.0305590710913486
64 922 0.19349300437324152
65 409 0.9996706451695495
66 521 21.172389445661775
67 13 0.7875654369827597
68 451 1.9829034214564272
69 0 1.2645731837627803
70 860 3.0537975997778535
71 177 1.2479237793701474
72 346 13.550189327633177
73 266 3.02255620190658
74 636 1.0074906255457898
75 303 1.287845704961446
76 281 0.6365903037123544
77 0 7.8266037022402735
79 684 1.0274445346875793
80 159 0.611807933847587
82 760 3.253427203263838
83 114 3.6103422755430685
84 252 1.6914198618896705
86 0 0.9879416707735307
87 490 9.05384757674715
88 847 15.865387338688151
89 0 4.158478763816625
90 324 31.331337612290554
91 995 4.867343082849192
92 680 0.2772486888163738
93 612 0.7626953705387214
94 549 15.873313154849242
95 449 1.1854880173054414
96 483 7.745042674396057
98 504 7.181995836427598
99 0 1.669539790371409
100 109 1.6327852954986155
101 282 0.574918644973533
102 54 3.162143202814613
103 329 0.1134758905214192
104 502 5.013936726458317
105 406 1.0
106 809 4.300894079164917
107 0 0.9612708046972331
108 859 0.1398859202324088
109 695 3.536179082241681
110 0 4.084160664692688
111 182 1.1964371769910798
112 111 7.010859548284404E-4
113 528 2.3760559854330854
114 608 2.02714296404927
115 716 28.32453116467408
116 0 4.321696335375717
117 714 32.54891138698098
118 462 1.0872611836151287
119 625 3.2757440978338437
120 0 0.5979821887309127
121 687 24.50086983525086
122 419 3.2538898340644593
123 583 9.084442652018197
125 402 0.6459696989740118
127 525 1.048252276442101
128 905 2.3755978310535792
129 0 4.369115799832785
130 712 1.6915992460854494
131 796 1.382789146281321
134 52 8.99577211432944
135 694 24.698097861321763
136 277 0.7685407940627818
137 831 1.6127762887047896
138 990 1.0071808248500593
139 537 1.2416133133450309
140 552 0.1110178757820169
141 214 5.895725955336711
142 0 1.422182316783955
143 853 0.8189674418963637
144 953 0.4689833241393104
145 862 0.14814460114078123
146 106 11.113319964623562
147 224 2.0884328648601365
148 969 0.421337342846659
149 0 7.009248230446481
151 363 0.5490911530583746
152 90 0.5357963552028554
153 988 4.934974891057206
154 459 44.767466830486
155 0 1.9310543031459855
156 143 2.797427052478609
158 79 2.1550964106877992
159 608 0.7207477561278053
162 464 0.9768816731418938
163 536 0.4538203154842066
164 182 1.0
165 703 0.45062725289842653
166 465 0.047950734462827244
167 998 12.545843199932447
168 546 1.6773012414339177
169 419 0.572905109814141
171 906 0.5661431934916238
172 437 24.49608431434594
173 0 0.9681869613168446
174 906 6.484811609512134
175 281 1.1670868755047243
176 910 0.3536464990032706
177 0 1.9057096332203658
178 0 1.2212451614187336
179 0 0.6333290146548374
180 740 0.8917779755187492
181 252 9.104676316785582
182 605 1.9107990977439946
183 262 1.0247618149945872
184 0 2.8106012807952703
185 679 0.20020987936658352
186 440 0.3558087947021015
187 711 1.9318626754486097
188 645 10.590104713260319
190 960 2.1377553575482735
192 258 7.003693301741245
193 48 4.3686736077347295
195 195 4.263379969626317
196 390 0.47156282043888703
197 388 1.2063996438060636
198 745 1.2781874893570349
199 109 3.9725209275226483
200 154 1.7611795438093092
201 130 23.961954529399698
202 470 0.3922719521328121
203 0 1.8422995562734807
204 387 1.41095897407528
205 0 2.3625071068995736
206 0 1.005395884497712
207 0 0.22834200263888754
208 0 7.032108639441044
209 0 2.7844792993485012
210 0 11.121298762088276
211 343 0.80740766941625
212 676 0.15449500262862687
213 254 0.9477915827553974
214 782 5.283055597135032
215 361 0.40543022496704045
216 0 0.800964139039148
217 194 3.9753225061106057
218 77 7.14184689272512
219 0 13.376388580240617
220 195 3.053289590600324
221 107 0.6222360410370098
222 576 4.333021653368104
223 823 10.549244472670265
224 151 1.1119194757658049
225 540 15.866779614436103
226 320 3.4208984668702973
227 574 5.392635410661657
228 177 11.024494099539528
230 643 0.2816320522580161
231 203 1.664785380101545
232 0 1.0587867606623504
233 20 21.50558939163832
234 408 0.44139645503827285
235 816 1.1333016580868334
236 110 0.02213577684122752
237 540 0.4395398022746054
238 761 2.746717371639773
239 0 11.037322207694581
240 672 5.732987820482227
241 683 1.3961233992636808
242 810 5.7384020305775865
243 712 1.5697754702973428
244 967 5.48133275554538
245 121 3.0644366012425492
246 642 3.954798793028557
248 592 3.962017477079387
250 410 1.0145250201950808
251 244 1.2232765212573176
252 597 1.6718252781804581
253 507 0.14979116882654997
254 858 2.322380413297157
255 93 0.1122506883717877
256 883 21.505645940492126
257 824 0.44553141367691296
258 782 2.8081806564601997
259 337 1.505029610710034
260 323 3.3797349207466336
261 0 3.231137933016427
263 0 1.4140893689530358
264 971 0.7989892107930778
265 548 1.810486460980243
266 294 6.408551681795397
267 93 5.696658640449917
268 543 0.7518887474812899
269 0 0.3893399086303684
270 77 8.902603306729883
271 477 8.91486689823493
272 405 1.037501400668253
273 778 2.916978011988224
274 449 6.4864512340691896
275 35 1.031330839658973
276 0 1.2311620555770493
277 399 1.1497919548955535
278 308 1.4050900214467301
279 161 1.210502266891785
280 218 7.063475264400879
281 0 0.11957729336656717
282 851 9.764759743690828
283 224 1.2327748052686076
284 0 18.5641589203507
285 192 15.808383087343476
286 303 0.6400062545664532
287 0 7.320475703192114
288 261 13.965448032544527
289 474 5.5858706696140406
291 821 0.441579723151873
292 7 2.848083927514958
293 544 31.064928829503156
294 460 4.186642375446976
295 249 0.6744353959966551
296 681 0.024407718949825345
297 649 2.8532293601486627
299 114 0.4568443728285702
300 302 0.9642705163382418
301 457 1.194581177864704
302 492 1.0
304 0 7.041504287578492
305 238 0.9724446588800775
306 0 0.2690043476633038
307 0 5.700026592345379
308 0 1.8753263021719928
309 321 35.286725361963484
310 88 0.7795062801729046
311 989 0.6433662976895861
313 15 1.789196252926497
314 870 4.353930961435687
316 385 0.731830876840351
317 557 5.747130718047712
318 553 4.364281742421652
319 985 2.002864501255309
321 71 1.0563664746570425
322 245 0.4824099644187091
324 0 0.9643890428914184
325 818 0.6819000649123961
326 491 0.18632287656169255
327 375 2.820774565487799
328 156 3.226470217759547
329 599 13.294135020236377
330 164 0.11111480944007186
331 705 0.43972797324029694
332 719 0.11783904134136203
333 306 1.0280892309189598
334 500 2.275418070199527
335 681 1.0840175975023074
336 240 1.6478370235604065
337 290 0.9984713106534419
338 653 0.9473505863180691
339 648 1.0895847446276654
340 514 0.691791621375191
341 593 3.2310423568390245
342 824 11.123286860609673
343 261 2.000154421780114
344 734 1.023749781409821
345 562 1.2329748139554009
346 163 4.126786677450198
347 305 1.1809463722574702
348 326 0.9398240959955239
349 11 3.097715614466754
350 800 1.0518145686678084
351 556 21.479639852131243
352 167 0.16235899185787234
353 0 3.239239147979382
354 376 0.5210449725261668
355 212 2.1673520064412153
356 0 0.7450435437138181
357 126 1.0911272770492606
358 638 2.2168445327696613
359 0 1.5182886651024394
360 355 4.393452925482865
361 72 11.141054091878942
362 612 0.9920306938020136
363 892 4.041732366454007
364 201 1.2070845268750532
365 779 7.173726060395905
366 382 14.283307977710855
367 3 1.595949900285495
368 791 1.5600927359242702
369 643 0.3885170197490742
370 834 0.29355777593261334
371 433 0.12462118210798956
372 343 1.4655421240638835
373 414 1.8614568261466047
374 500 1.1999598061027457
375 863 2.3314296153800673
376 227 0.9617568110884587
377 856 1.6274962237196102
378 643 0.3597669771885866
379 109 0.9700677623455732
380 243 2.32045976251121
381 770 18.411508597900255
382 146 8.94855444384538
383 429 0.07080093373429393
385 141 5.442738961871421
386 96 1.064835121254718
387 909 2.809905492121173
388 0 2.8527235208455015
389 952 5.683003667131222
390 993 1.8333794018998344
391 0 2.8586754404118566
392 696 1.0594255728560265
393 818 3.2644029534529033
394 248 0.5892930191425884
395 526 0.6278100876662575
397 0 4.185868740414911
398 943 4.228289449073283
399 345 0.9944385552471372
400 22 1.7923774194137512
403 252 0.4501386260648477
404 915 0.44289156425132686
405 66 1.8544690785882305
406 802 8.931129981788214
407 826 3.9645287257697217
408 695 0.015450320820709415
409 0 5.746931327601228
410 797 2.2258479192930514
412 318 0.46454937790498496
415 749 18.827186223809488
416 858 0.5074772186911368
417 830 2.9459457871316506
418 0 4.775215155345139
419 0 1.62377460099691
420 57 2.4866051628826726
421 939 1.2496005783685127
422 589 0.6657891808980579
423 223 3.2629880096549533
424 69 1.8728236593233438
425 561 0.6399596742743535
426 0 0.1743742771506203
427 0 0.5223055517732332
428 110 1.2392530788096177
429 386 0.23181898892251543
430 459 2.928986828752481
431 164 15.88846731477056
432 36 1.9015164731359986
435 0 15.819349855375894
436 317 1.7022560489134144
437 577 4.665620964928906
438 233 1.0195384017652651
439 68 18.60371386954139
440 731 6.691827689953631
441 0 0.4576091743286707
442 91 4.0731053421607415
443 919 2.0712412048898163
444 704 2.9036347782766354
445 93 0.20075583746774434
446 248 24.56768681802538
447 722 36.628388396582416
448 649 0.7566794105232961
449 392 4.086562483263969
450 0 1.781743071450434
451 837 1.419439900426082
452 0 0.21801172764598487
453 921 0.6767638749573648
455 793 0.06975188036685859
456 639 0.4910943074355475
457 215 1.0323653758841613
458 0 36.651977440722646
459 236 1.0
460 0 1.6858230606809614
461 927 35.57655811637823
462 997 0.9497679169812219
463 0 3.0265152077616517
464 40 0.11755965415182501
465 580 4.039676329281427
466 210 0.992811280779102
467 0 0.3475084268155762
468 478 0.26306672381381857
469 0 8.94085031928444
470 420 7.322817316934551
471 0 4.348897411119861
472 716 3.430159861212042
474 841 1.227242020596389
475 755 3.244471287261666
476 241 5.159030054437014
477 571 1.199140209910444
478 498 0.7546460588976632
479 768 0.13594259017635452
481 211 21.106011821571
482 476 1.7448444812587178
483 863 0.6002997952914176
484 94 1.0506234939615373
485 164 1.2559472875471178
486 481 0.9863895085356851
487 760 1.8065348756397608
488 294 0.72832917793296
489 711 2.3455216107839765
490 138 28.175263613006617
491 513 0.2827743177157061
492 238 4.530262963503296
493 559 4.0417465649009845
494 386 0.572928035231825
495 439 0.14219269045595956
497 874 21.508690367397747
498 452 2.2780713141742917
499 777 1.6240078914488365
500 725 3.426798289394988
501 668 0.5643488157119375
502 0 1.6732424608835559
503 318 15.862396098284666
504 0 0.3503738750022368
505 402 35.40220891120433
506 674 3.1712482443891523
507 0 1.9973799606412341
508 0 0.6819932216809114
509 409 2.012661632863489
510 0 3.1306856088127577
511 916 11.145032104352467
512 253 8.89851170195823
513 815 0.651266208261599
514 515 0.973771864785546
515 304 1.1087247346792055
516 900 2.1876441146999928
517 0 0.6923961585411837
518 745 0.7322287021334568
519 448 15.80825649484207
520 999 0.369787333500746
521 0 0.4744468241227693
522 35 0.5519563655340821
523 445 0.5963217933909633
524 0 0.3166278983642553
525 503 2.211323331205673
526 71 8.912218184628399
527 518 2.9612562454228004
528 818 0.5641377850984879
529 779 2.202648397544049
530 449 0.29738226001912493
531 620 0.1652496523076222
532 574 2.224444437095496
533 915 0.13308447707003568
534 977 1.2130777843756617
535 82 2.05733126665182
536 241 2.2030482733063113
537 855 5.066755339287197
538 696 1.8003814833662928
539 553 0.5060536046599575
541 728 1.1597161131520248
542 608 0.009665224032907035
543 0 1.0164505168539875
545 748 13.13526821450932
546 261 0.8435132056290896
547 246 0.4394914352566109
548 978 0.9965678257099115
549 0 0.6947696670067551
550 650 9.050381744370407
551 480 6.064795205491194
552 478 4.216124275853067
553 0 0.6016357944386512
554 38 2.2675287945698503
555 500 8.916121023202063
557 0 0.4523327028617776
558 331 1.182966466124192
559 500 0.17068128979336936
560 479 1.010966286335123
561 0 6.4553740503070625
564 631 1.6274291895452497
565 0 0.6479887335421961
566 489 2.7244757953286847
567 0 0.11363626300841242
568 40 5.746643840932132
569 102 4.398446234787073
570 425 3.194931070730357
571 102 3.941926743729467
572 0 8.073728151706748
573 478 0.890430586886547
574 187 0.4759864977944981
575 267 29.115896840809395
576 295 18.556129656578936
577 683 1.5456128950429353
578 497 1.3845302475049792
579 544 15.812591365259175
581 0 6.934285351674781
582 117 15.858668791964634
583 387 3.955166623729275
584 0 2.0253009190819378
585 673 0.44525069985873167
586 431 1.040356566781274
588 151 0.6111719148383726
589 284 0.439498693276981
590 797 2.375300659457302
591 339 1.1504165248019316
592 422 46.79508890283905
593 120 2.2335821133541383
594 324 0.5744893190982504
595 392 1.7799200570523452
597 434 2.7475622810687796
598 181 1.0272165524747592
600 0 1.205078204298673
601 451 0.5695493812808026
602 309 13.379940865511378
603 0 14.390601358210898
604 60 1.2395327407876537
605 0 0.5277566357581844
606 205 0.9919773155393513
607 995 1.2087117966612415
608 678 4.360612232968663
609 0 0.35396158917419385
610 257 2.782473781388272
611 647 0.6108745508827628
612 168 17.943606236988323
613 177 1.2471613595526094
615 774 0.8330687012874634
616 930 13.367126942849877
617 355 0.9890606431241618
618 366 1.446263289817022
619 771 2.765420708965628
620 16 22.027065465970015
621 922 0.006505888647398922
622 919 3.602861008293806
623 0 1.7614884046174577
626 346 14.848595463692586
627 0 1.092113607826144
628 346 3.1355698385560227
629 775 0.1380286157147608
630 655 1.3016166980668074
632 486 0.063176272860093
633 932 3.364018179335576
634 352 0.5873969921047351
635 915 1.123404477115902
636 163 2.073581910032057
637 132 0.1634466287440932
638 668 2.5361718387313807
639 957 43.48236560501781
640 782 1.0
641 667 15.820776495151911
642 652 0.3636582481666385
643 872 0.6688805024197775
644 0 1.031415916177976
645 0 1.3946581711691488
647 238 5.407103073396721
648 513 0.5735715170009567
649 672 13.395796631669743
650 471 39.440073653122
651 631 2.123506094327052
653 708 7.041161729125423
654 502 1.1897034512590847
655 281 2.382392652711142
656 835 0.7799906864241568
657 250 1.223992408272288
658 500 11.068543594546249
659 14 2.8566663054628534
660 0 5.74617503946619
663 411 5.645188934263014
664 25 1.2906178627924296
665 511 0.3660108121501958
666 877 1.3554033349646628
668 0 5.7430647168454465
669 762 0.10993308216129491
670 0 7.289204143071764
671 232 1.875143116854024
672 262 3.865727860707952
673 753 2.242199019264651
674 479 0.7349286075236005
675 620 56.778929347517405
676 677 25.55644428344256
677 810 1.1253179153364221
678 0 2.983773279424215
679 636 4.068178946533568
680 453 1.0112597750507737
681 850 0.5753440999817634
682 848 0.5049459088412869
683 265 0.3971535971257107
684 224 0.026377510358905197
685 897 0.13732098401718038
686 726 3.206130898903551
687 100 1.2101742995581275
688 196 1.1735800663311775
689 93 5.9022597133072
690 821 17.934368890734483
691 0 1.4645023672094493
692 410 0.7267849521182995
693 74 5.409925508850249
694 91 1.6863629551518455
695 673 0.9481029088477857
696 0 0.7661439482349666
697 856 0.13463120659551103
698 77 0.4904495663940113
701 835 0.10988139035880866
702 689 6.026880501516509
703 29 0.8869856031468044
704 0 1.4349255291854905
705 755 10.924958726992385
706 826 0.6460397484133827
707 779 4.380817043457384
708 646 1.1473335793374486
709 122 0.620569918013147
710 40 0.6717039986421172
711 259 5.513147854978614
712 358 4.212044095204727
713 0 1.1082578965742367
715 766 4.897689519859174
716 559 1.0139976503397503
717 484 1.001205392963811
718 718 7.154855168233403
719 257 0.39145742296452024
721 222 5.260970655133832
722 678 1.1559902864852953
723 0 7.0875662991970545
725 185 0.19513100070725306
726 742 1.2083750355534586
727 514 0.6717708276911608
728 732 5.563336407575748
729 91 2.192353131421502
730 801 1.0
731 141 9.975977874437058
732 535 0.46945927025188394
733 450 0.288133646694271
734 601 3.399046350803458
735 763 11.091007791142108
736 0 1.184684396185089
737 377 1.6799429266209982
738 802 1.0
739 414 1.3347375527725651
740 728 0.9705137945127998
741 683 0.22002801918196283
742 0 5.926458976006349
743 0 0.9184580630768124
744 428 1.106713088423532
745 0 1.0686186706195948
746 0 4.052434097265659
747 359 1.0044996317729458
749 102 1.2020055447088187
750 0 7.014978138240097
751 367 0.22245733461262213
753 0 11.105034054858248
755 925 0.5655298287611243
756 411 9.960500235079186
757 167 0.8148841749992197
758 733 1.0006605605377192
759 273 7.147124825833534
760 645 5.673030737988417
761 379 0.3374962709321651
762 513 1.8058062088679152
763 645 7.0953709630003905
764 49 0.3204892870999615
765 382 4.514164303615816
766 388 0.013686922975586475
767 405 3.1949591271580804
768 0 10.26893780709909
769 900 8.58671836258619
770 359 13.29809013989505
772 873 5.528075402221942
773 938 1.2781874893570349
775 306 16.673512129281093
776 455 0.8858990594752626
778 212 0.31619312765946517
780 0 1.777333417237212
781 696 3.676780642080092
782 557 36.20075993160721
783 98 2.9519706771562433
784 980 1.6891233905633256
786 0 1.282060897098083
787 164 1.5182886651024394
788 428 0.7228361355250692
789 328 1.36679744867834
791 88 1.9884609019594106
792 179 5.486942657579344
793 360 1.8054386990791944
794 905 8.90484837951736
795 345 5.730033450975977
797 180 1.396339150652636
798 816 12.163192977965142
799 797 0.4400048175399336
800 627 0.2808570574444821
801 838 9.021930241867455
802 779 0.10987580822144533
803 757 7.165949392866234
804 304 0.37110653537926885
805 627 0.7935361485954335
806 398 5.695056427580389
807 132 0.6799454028463401
808 803 3.4289666820384
809 0 2.2620969404063573
810 654 7.892790232055753
811 715 5.504002156519732
812 337 55.82805173035264
813 15 5.513147854978614
814 271 0.5651030636614701
815 780 4.0915756353503285
816 427 1.2116699718964756
817 513 1.006739146733811
818 0 2.6249747459008903
819 677 1.0
821 399 19.155490986696872
822 273 0.9308291609530033
823 943 0.862438761337361
824 65 18.65461010372844
825 0 1.83374678184652
826 621 0.9680424843434742
827 571 5.732592021544218
828 568 1.6430443308177247
829 0 0.947919893671412
830 772 1.1393027464261176
831 885 1.845523094231475
832 500 0.8261087034172805
833 485 2.837538155843843
834 631 3.1188466828504704
835 564 15.83882101647128
836 246 2.014026104463491
838 677 0.7343227398410094
839 672 19.527012401015764
840 519 2.1621785558204913
841 49 1.371851048946543
842 716 1.2390499186704318
843 799 0.9617568110884587
844 339 6.215201832438971
845 0 1.1637426389656702
846 0 0.9803054755755416
847 0 0.7272983209530244
848 255 3.0698206837922406
849 725 1.0137278792600384
850 173 0.24347312492734535
851 603 0.0032497425804133024
852 855 0.5892930191425884
853 0 0.1309038993428274
854 60 2.916322518269597
855 834 0.42281765714317116
856 973 1.6802091184754167
858 44 0.17758459544449987
859 511 0.2175309598751569
860 211 7.176548540728295
861 360 5.631013830951606
862 881 5.445913440779756
863 47 1.4136597185105906
864 50 2.816963518883867
865 645 2.195827527259029
866 631 3.9677867674801695
867 451 1.0
869 746 4.397390252860887
870 465 1.8211757940682318
871 417 13.027760861065035
872 679 7.27207564948
874 394 5.71381196483452
875 0 1.0187826327501432
877 287 1.002117088673164
878 614 3.009220322391567
879 0 1.5453330926945965
880 727 1.6182290284816379
881 698 0.21169987310417723
882 0 1.0035225929840077
885 156 15.463461281463184
886 500 5.382577143927512
887 15 1.618602304968529
888 0 9.445907233648988
889 347 1.2645299606964708
890 0 0.2883370521600194
891 109 0.14634664679214338
892 369 2.742325491969714
893 0 1.1434468012543444
895 642 0.686071996233797
896 32 32.61234502612644
897 175 2.0964761466599153
898 114 0.12427478408841267
899 211 5.742313279088292
900 0 2.7682229559524596
901 390 1.8816609647889107
902 547 0.5128279678864435
903 352 0.686342460184727
904 714 26.23969338663507
905 479 15.347291485063325
906 712 0.10992071310952842
908 41 1.4185593937792373
909 0 0.4544377407054459
909 1 0.4544377407054459
909 2 0.4544377407054459
909 3 0.4544377407054459
909 4 0.4544377407054459
909 5 0.4544377407054459
909 6 0.4544377407054459
909 7 0.4544377407054459
909 8 0.4544377407054459
909 9 0.4544377407054459
909 10 0.4544377407054459
909 11 0.4544377407054459
909 12 0.4544377407054459
909 13 0.4544377407054459
909 14 0.4544377407054459
909 15 0.4544377407054459
909 16 0.4544377407054459
909 17 0.4544377407054459
909 18 0.4544377407054459
909 19 0.4544377407054459
909 20 0.4544377407054459
909 21 0.4544377407054459
909 22 0.4544377407054459
909 23 0.4544377407054459
909 24 0.4544377407054459
909 25 0.4544377407054459
909 26 0.4544377407054459
909 27 0.4544377407054459
909 28 0.4544377407054459
909 29 0.4544377407054459
909 30 0.4544377407054459
909 31 0.4544377407054459
909 32 0.4544377407054459
909 33 0.4544377407054459
909 34 0.4544377407054459
909 35 0.4544377407054459
909 36 0.4544377407054459
909 37 0.4544377407054459
909 38 0.4544377407054459
909 39 0.4544377407054459
909 40 0.4544377407054459
909 41 0.4544377407054459
909 42 0.4544377407054459
909 43 0.4544377407054459
909 44 0.4544377407054459
909 45 0.4544377407054459
909 46 0.4544377407054459
909 47 0.4544377407054459
909 48 0.4544377407054459
909 49 0.4544377407054459
909 50 0.4544377407054459
909 51 0.4544377407054459
909 52 0.4544377407054459
909 53 0.4544377407054459
909 54 0.4544377407054459
909 55 0.4544377407054459
909 56 0.4544377407054459
909 57 0.4544377407054459
909 58 0.4544377407054459
909 59 0.4544377407054459
909 60 0.4544377407054459
909 61 0.4544377407054459
909 62 0.4544377407054459
909 63 0.4544377407054459
909 64 0.4544377407054459
909 65 0.4544377407054459
909 66 0.4544377407054459
909 67 0.4544377407054459
909 68 0.4544377407054459
909 69 0.4544377407054459
909 70 0.4544377407054459
909 71 0.4544377407054459
909 72 0.4544377407054459
909 73 0.4544377407054459
909 74 0.4544377407054459
909 75 0.4544377407054459
909 76 0.4544377407054459
909 77 0.4544377407054459
909 78 0.4544377407054459
909 79 0.4544377407054459
909 80 0.4544377407054459
909 81 0.4544377407054459
909 82 0.4544377407054459
909 83 0.4544377407054459
909 84 0.4544377407054459
909 85 0.4544377407054459
909 86 0.4544377407054459
909 87 0.4544377407054459
909 88 0.4544377407054459
909 89 0.4544377407054459
909 90 0.4544377407054459
909 91 0.4544377407054459
909 92 0.4544377407054459
909 93 0.4544377407054459
909 94 0.4544377407054459
909 95 0.4544377407054459
909 96 0.4544377407054459
909 97 0.4544377407054459
909 98 0.4544377407054459
909 99 0.4544377407054459
909 100 0.4544377407054459
909 101 0.4544377407054459
909 102 0.4544377407054459
909 103 0.4544377407054459
909 104 0.4544377407054459
909 105 0.4544377407054459
909 106 0.4544377407054459
909 107 0.4544377407054459
909 108 0.4544377407054459
909 109 0.4544377407054459
909 110 0.4544377407054459
909 111 0.4544377407054459
909 112 0.4544377407054459
909 113 0.4544377407054459
909 114 0.4544377407054459
909 115 0.4544377407054459
909 116 0.4544377407054459
909 117 0.4544377407054459
909 118 0.4544377407054459
909 119 0.4544377407054459
909 120 0.4544377407054459
909 121 0.4544377407054459
909 122 0.4544377407054459
909 123 0.4544377407054459
909 124 0.4544377407054459
909 125 0.4544377407054459
909 126 0.4544377407054459
909 127 0.4544377407054459
909 128 0.4544377407054459
909 129 0.4544377407054459
909 130 0.4544377407054459
909 131 0.4544377407054459
909 132 0.4544377407054459
909 133 0.4544377407054459
909 134 0.4544377407054459
909 135 0.4544377407054459
909 136 0.4544377407054459
909 137 0.4544377407054459
909 138 0.4544377407054459
909 139 0.4544377407054459
909 140 0.4544377407054459
909 141 0.4544377407054459
909 142 0.4544377407054459
909 143 0.4544377407054459
909 144 0.4544377407054459
909 145 0.4544377407054459
909 146 0.4544377407054459
909 147 0.4544377407054459
909 148 0.4544377407054459
909 149 0.4544377407054459
909 150 0.4544377407054459
909 151 0.4544377407054459
909 152 0.4544377407054459
909 153 0.4544377407054459
909 154 0.4544377407054459
909 155 0.4544377407054459
909 156 0.4544377407054459
909 157 0.4544377407054459
909 158 0.4544377407054459
909 159 0.4544377407054459
909 160 0.4544377407054459
909 161 0.4544377407054459
909 162 0.4544377407054459
909 163 0.4544377407054459
909 164 0.4544377407054459
909 165 0.4544377407054459
909 166 0.4544377407054459
909 167 0.4544377407054459
909 168 0.4544377407054459
909 169 0.4544377407054459
909 170 0.4544377407054459
909 171 0.4544377407054459
909 172 0.4544377407054459
909 173 0.4544377407054459
909 174 0.4544377407054459
909 175 0.4544377407054459
909 176 0.4544377407054459
909 177 0.4544377407054459
909 178 0.4544377407054459
909 179 0.4544377407054459
909 180 0.4544377407054459
909 181 0.4544377407054459
909 182 0.4544377407054459
909 183 0.4544377407054459
909 184 0.4544377407054459
909 185 0.4544377407054459
909 186 0.4544377407054459
909 187 0.4544377407054459
909 188 0.4544377407054459
909 189 0.4544377407054459
909 190 0.4544377407054459
909 191 0.4544377407054459
909 192 0.4544377407054459
909 193 0.4544377407054459
909 194 0.4544377407054459
909 195 0.4544377407054459
909 196 0.4544377407054459
909 197 0.4544377407054459
909 198 0.4544377407054459
909 199 0.4544377407054459
909 200 0.4544377407054459
909 201 0.4544377407054459
909 202 0.4544377407054459
909 203 0.4544377407054459
909 204 0.4544377407054459
909 205 0.4544377407054459
909 206 0.4544377407054459
909 207 0.4544377407054459
909 208 0.4544377407054459
909 209 0.4544377407054459
909 210 0.4544377407054459
909 211 0.4544377407054459
909 212 0.4544377407054459
909 213 0.4544377407054459
909 214 0.4544377407054459
909 215 0.4544377407054459
909 216 0.4544377407054459
909 217 0.4544377407054459
909 218 0.4544377407054459
909 219 0.4544377407054459
909 220 0.4544377407054459
909 221 0.4544377407054459
909 222 0.4544377407054459
909 223 0.4544377407054459
909 224 0.4544377407054459
909 225 0.4544377407054459
909 226 0.4544377407054459
909 227 0.4544377407054459
909 228 0.4544377407054459
909 229 0.4544377407054459
909 230 0.4544377407054459
909 231 0.4544377407054459
909 232 0.4544377407054459
909 233 0.4544377407054459
909 234 0.4544377407054459
909 235 0.4544377407054459
909 236 0.4544377407054459
909 237 0.4544377407054459
909 238 0.4544377407054459
909 239 0.4544377407054459
909 240 0.4544377407054459
909 241 0.4544377407054459
909 242 0.4544377407054459
909 243 0.4544377407054459
909 244 0.4544377407054459
909 245 0.4544377407054459
909 246 0.4544377407054459
909 247 0.4544377407054459
909 248 0.4544377407054459
909 249 0.4544377407054459
909 250 0.4544377407054459
909 251 0.4544377407054459
909 252 0.4544377407054459
909 253 0.4544377407054459
909 254 0.4544377407054459
909 255 0.4544377407054459
909 256 0.4544377407054459
909 257 0.4544377407054459
909 258 0.4544377407054459
909 259 0.4544377407054459
909 260 0.4544377407054459
909 261 0.4544377407054459
909 262 0.4544377407054459
909 263 0.4544377407054459
909 264 0.4544377407054459
909 265 0.4544377407054459
909 266 0.4544377407054459
909 267 0.4544377407054459
909 268 0.4544377407054459
909 269 0.4544377407054459
909 270 0.4544377407054459
909 271 0.4544377407054459
909 272 0.4544377407054459
909 273 0.4544377407054459
909 274 0.4544377407054459
909 275 0.4544377407054459
909 276 0.4544377407054459
909 277 0.4544377407054459
909 278 0.4544377407054459
909 279 0.4544377407054459
909 280 0.4544377407054459
909 281 0.4544377407054459
909 282 0.4544377407054459
909 283 0.4544377407054459
909 284 0.4544377407054459
909 285 0.4544377407054459
909 286 0.4544377407054459
909 287 0.4544377407054459
909 288 0.4544377407054459
909 289 0.4544377407054459
909 290 0.4544377407054459
909 291 0.4544377407054459
909 292 0.4544377407054459
909 293 0.4544377407054459
909 294 0.4544377407054459
909 295 0.4544377407054459
909 296 0.4544377407054459
909 297 0.4544377407054459
909 298 0.4544377407054459
909 299 0.4544377407054459
909 300 0.4544377407054459
909 301 0.4544377407054459
909 302 0.4544377407054459
909 303 0.4544377407054459
909 304 0.4544377407054459
909 305 0.4544377407054459
909 306 0.4544377407054459
909 307 0.4544377407054459
909 308 0.4544377407054459
909 309 0.4544377407054459
909 310 0.4544377407054459
909 311 0.4544377407054459
909 312 0.4544377407054459
909 313 0.4544377407054459
909 314 0.4544377407054459
909 315 0.4544377407054459
909 316 0.4544377407054459
909 317 0.4544377407054459
909 318 0.4544377407054459
909 319 0.4544377407054459
909 320 0.4544377407054459
909 321 0.4544377407054459
909 322 0.4544377407054459
909 323 0.4544377407054459
909 324 0.4544377407054459
909 325 0.4544377407054459
909 326 0.4544377407054459
909 327 0.4544377407054459
909 328 0.4544377407054459
909 329 0.4544377407054459
909 330 0.4544377407054459
909 331 0.4544377407054459
909 332 0.4544377407054459
909 333 0.4544377407054459
909 334 0.4544377407054459
909 335 0.4544377407054459
909 336 0.4544377407054459
909 337 0.4544377407054459
909 338 0.4544377407054459
909 339 0.4544377407054459
909 340 0.4544377407054459
909 341 0.4544377407054459
909 342 0.4544377407054459
909 343 0.4544377407054459
909 344 0.4544377407054459
909 345 0.4544377407054459
909 346 0.4544377407054459
909 347 0.4544377407054459
909 348 0.4544377407054459
909 349 0.4544377407054459
909 350 0.4544377407054459
909 351 0.4544377407054459
909 352 0.4544377407054459
909 353 0.4544377407054459
909 354 0.4544377407054459
909 355 0.4544377407054459
909 356 0.4544377407054459
909 357 0.4544377407054459
909 358 0.4544377407054459
909 359 0.4544377407054459
909 360 0.4544377407054459
909 361 0.4544377407054459
909 362 0.4544377407054459
909 363 0.4544377407054459
909 364 0.4544377407054459
909 365 0.4544377407054459
909 366 0.4544377407054459
909 367 0.4544377407054459
909 368 0.4544377407054459
909 369 0.4544377407054459
909 370 0.4544377407054459
909 371 0.4544377407054459
909 372 0.4544377407054459
909 373 0.4544377407054459
909 374 0.4544377407054459
909 375 0.4544377407054459
909 376 0.4544377407054459
909 377 0.4544377407054459
909 378 0.4544377407054459
909 379 0.4544377407054459
909 380 0.4544377407054459
909 381 0.4544377407054459
909 382 0.4544377407054459
909 383 0.4544377407054459
909 384 0.4544377407054459
909 385 0.4544377407054459
909 386 0.4544377407054459
909 387 0.4544377407054459
909 388 0.4544377407054459
909 389 0.4544377407054459
909 390 0.4544377407054459
909 391 0.4544377407054459
909 392 0.4544377407054459
909 393 0.4544377407054459
909 394 0.4544377407054459
909 395 0.4544377407054459
909 396 0.4544377407054459
909 397 0.4544377407054459
909 398 0.4544377407054459
909 399 0.4544377407054459
909 400 0.4544377407054459
909 401 0.4544377407054459
909 402 0.4544377407054459
909 403 0.4544377407054459
909 404 0.4544377407054459
909 405 0.4544377407054459
909 406 0.4544377407054459
909 407 0.4544377407054459
909 408 0.4544377407054459
909 409 0.4544377407054459
909 410 0.4544377407054459
909 411 0.4544377407054459
909 412 0.4544377407054459
909 413 0.4544377407054459
909 414 0.4544377407054459
909 415 0.4544377407054459
909 416 0.4544377407054459
909 417 0.4544377407054459
909 418 0.4544377407054459
909 419 0.4544377407054459
909 420 0.4544377407054459
909 421 0.4544377407054459
909 422 0.4544377407054459
909 423 0.4544377407054459
909 424 0.4544377407054459
909 425 0.4544377407054459
909 426 0.4544377407054459
909 427 0.4544377407054459
909 428 0.4544377407054459
909 429 0.4544377407054459
909 430 0.4544377407054459
909 431 0.4544377407054459
909 432 0.4544377407054459
909 433 0.4544377407054459
909 434 0.4544377407054459
909 435 0.4544377407054459
909 436 0.4544377407054459
909 437 0.4544377407054459
909 438 0.4544377407054459
909 439 0.4544377407054459
909 440 0.4544377407054459
909 441 0.4544377407054459
909 442 0.4544377407054459
909 443 0.4544377407054459
909 444 0.4544377407054459
909 445 0.4544377407054459
909 446 0.4544377407054459
909 447 0.4544377407054459
909 448 0.4544377407054459
909 449 0.4544377407054459
909 450 0.4544377407054459
909 451 0.4544377407054459
909 452 0.4544377407054459
909 453 0.4544377407054459
909 454 0.4544377407054459
909 455 0.4544377407054459
909 456 0.4544377407054459
909 457 0.4544377407054459
909 458 0.4544377407054459
909 459 0.4544377407054459
909 460 0.4544377407054459
909 461 0.4544377407054459
909 462 0.4544377407054459
909 463 0.4544377407054459
909 464 0.4544377407054459
909 465 0.4544377407054459
909 466 0.4544377407054459
909 467 0.4544377407054459
909 468 0.4544377407054459
909 469 0.4544377407054459
909 470 0.4544377407054459
909 471 0.4544377407054459
909 472 0.4544377407054459
909 473 0.4544377407054459
909 474 0.4544377407054459
909 475 0.4544377407054459
909 476 0.4544377407054459
909 477 0.4544377407054459
909 478 0.4544377407054459
909 479 0.4544377407054459
909 480 0.4544377407054459
909 481 0.4544377407054459
909 482 0.4544377407054459
909 483 0.4544377407054459
909 484 0.4544377407054459
909 485 0.4544377407054459
909 486 0.4544377407054459
909 487 0.4544377407054459
909 488 0.4544377407054459
909 489 0.4544377407054459
909 490 0.4544377407054459
909 491 0.4544377407054459
909 492 0.4544377407054459
909 493 0.4544377407054459
909 494 0.4544377407054459
909 495 0.4544377407054459
909 496 0.4544377407054459
909 497 0.4544377407054459
909 498 0.4544377407054459
909 499 0.4544377407054459
909 500 0.4544377407054459
909 501 0.4544377407054459
909 502 0.4544377407054459
909 503 0.4544377407054459
909 504 0.4544377407054459
909 505 0.4544377407054459
909 506 0.4544377407054459
909 507 0.4544377407054459
909 508 0.4544377407054459
909 509 0.4544377407054459
909 510 0.4544377407054459
909 511 0.4544377407054459
909 512 0.4544377407054459
909 513 0.4544377407054459
909 514 0.4544377407054459
909 515 0.4544377407054459
909 516 0.4544377407054459
909 517 0.4544377407054459
909 518 0.4544377407054459
909 519 0.4544377407054459
909 520 0.4544377407054459
909 521 0.4544377407054459
909 522 0.4544377407054459
909 523 0.4544377407054459
909 524 0.4544377407054459
909 525 0.4544377407054459
909 526 0.4544377407054459
909 527 0.4544377407054459
909 528 0.4544377407054459
909 529 0.4544377407054459
909 530 0.4544377407054459
909 531 0.4544377407054459
909 532 0.4544377407054459
909 533 0.4544377407054459
909 534 0.4544377407054459
909 535 0.4544377407054459
909 536 0.4544377407054459
909 537 0.4544377407054459
909 538 0.4544377407054459
909 539 0.4544377407054459
909 540 0.4544377407054459
909 541 0.4544377407054459
909 542 0.4544377407054459
909 543 0.4544377407054459
909 544 0.4544377407054459
909 545 0.4544377407054459
909 546 0.4544377407054459
909 547 0.4544377407054459
909 548 0.4544377407054459
909 549 0.4544377407054459
909 550 0.4544377407054459
909 551 0.4544377407054459
909 552 0.4544377407054459
909 553 0.4544377407054459
909 554 0.4544377407054459
909 555 0.4544377407054459
909 556 0.4544377407054459
909 557 0.4544377407054459
909 558 0.4544377407054459
909 559 0.4544377407054459
909 560 0.4544377407054459
909 561 0.4544377407054459
909 562 0.4544377407054459
909 563 0.4544377407054459
909 564 0.4544377407054459
909 565 0.4544377407054459
909 566 0.4544377407054459
909 567 0.4544377407054459
909 568 0.4544377407054459
909 569 0.4544377407054459
909 570 0.4544377407054459
909 571 0.4544377407054459
909 572 0.4544377407054459
909 573 0.4544377407054459
909 574 0.4544377407054459
909 575 0.4544377407054459
909 576 0.4544377407054459
909 577 0.4544377407054459
909 578 0.4544377407054459
909 579 0.4544377407054459
909 580 0.4544377407054459
909 581 0.4544377407054459
909 582 0.4544377407054459
909 583 0.4544377407054459
909 584 0.4544377407054459
909 585 0.4544377407054459
909 586 0.4544377407054459
909 587 0.4544377407054459
909 588 0.4544377407054459
909 589 0.4544377407054459
909 590 0.4544377407054459
909 591 0.4544377407054459
909 592 0.4544377407054459
909 593 0.4544377407054459
909 594 0.4544377407054459
909 595 0.4544377407054459
909 596 0.4544377407054459
909 597 0.4544377407054459
909 598 0.4544377407054459
909 599 0.4544377407054459
909 600 0.4544377407054459
909 601 0.4544377407054459
909 602 0.4544377407054459
909 603 0.4544377407054459
909 604 0.4544377407054459
909 605 0.4544377407054459
909 606 0.4544377407054459
909 607 0.4544377407054459
909 608 0.4544377407054459
909 609 0.4544377407054459
909 610 0.4544377407054459
909 611 0.4544377407054459
909 612 0.4544377407054459
909 613 0.4544377407054459
909 614 0.4544377407054459
909 615 0.4544377407054459
909 616 0.4544377407054459
909 617 0.4544377407054459
909 618 0.4544377407054459
909 619 0.4544377407054459
909 620 0.4544377407054459
909 621 0.4544377407054459
909 622 0.4544377407054459
909 623 0.4544377407054459
909 624 0.4544377407054459
909 625 0.4544377407054459
909 626 0.4544377407054459
909 627 0.4544377407054459
909 628 0.4544377407054459
909 629 0.4544377407054459
909 630 0.4544377407054459
909 631 0.4544377407054459
909 632 0.4544377407054459
909 633 0.4544377407054459
909 634 0.4544377407054459
909 635 0.4544377407054459
909 636 0.4544377407054459
909 637 0.4544377407054459
909 638 0.4544377407054459
909 639 0.4544377407054459
909 640 0.4544377407054459
909 641 0.4544377407054459
909 642 0.4544377407054459
909 643 0.4544377407054459
909 644 0.4544377407054459
909 645 0.4544377407054459
909 646 0.4544377407054459
909 647 0.4544377407054459
909 648 0.4544377407054459
909 649 0.4544377407054459
909 650 0.4544377407054459
909 651 0.4544377407054459
909 652 0.4544377407054459
909 653 0.4544377407054459
909 654 0.4544377407054459
909 655 0.4544377407054459
909 656 0.4544377407054459
909 657 0.4544377407054459
909 658 0.4544377407054459
909 659 0.4544377407054459
909 660 0.4544377407054459
909 661 0.4544377407054459
909 662 0.4544377407054459
909 663 0.4544377407054459
909 664 0.4544377407054459
909 665 0.4544377407054459
909 666 0.4544377407054459
909 667 0.4544377407054459
909 668 0.4544377407054459
909 669 0.4544377407054459
909 670 0.4544377407054459
909 671 0.4544377407054459
909 672 0.4544377407054459
909 673 0.4544377407054459
909 674 0.4544377407054459
909 675 0.4544377407054459
909 676 0.4544377407054459
909 677 0.4544377407054459
909 678 0.4544377407054459
909 679 0.4544377407054459
909 680 0.4544377407054459
909 681 0.4544377407054459
909 682 0.4544377407054459
909 683 0.4544377407054459
909 684 0.4544377407054459
909 685 0.4544377407054459
909 686 0.4544377407054459
909 687 0.4544377407054459
909 688 0.4544377407054459
909 689 0.4544377407054459
909 690 0.4544377407054459
909 691 0.4544377407054459
909 692 0.4544377407054459
909 693 0.4544377407054459
909 694 0.4544377407054459
909 695 0.4544377407054459
909 696 0.4544377407054459
909 697 0.4544377407054459
909 698 0.4544377407054459
909 699 0.4544377407054459
909 700 0.4544377407054459
909 701 0.4544377407054459
909 702 0.4544377407054459
909 703 0.4544377407054459
909 704 0.4544377407054459
909 705 0.4544377407054459
909 706 0.4544377407054459
909 707 0.4544377407054459
909 708 0.4544377407054459
909 709 0.4544377407054459
909 710 0.4544377407054459
909 711 0.4544377407054459
909 712 0.4544377407054459
909 713 0.4544377407054459
909 714 0.4544377407054459
909 715 0.4544377407054459
909 716 0.4544377407054459
909 717 0.4544377407054459
909 718 0.4544377407054459
909 719 0.4544377407054459
909 720 0.4544377407054459
909 721 0.4544377407054459
909 722 0.4544377407054459
909 723 0.4544377407054459
909 724 0.4544377407054459
909 725 0.4544377407054459
909 726 0.4544377407054459
909 727 0.4544377407054459
909 728 0.4544377407054459
909 729 0.4544377407054459
909 730 0.4544377407054459
909 731 0.4544377407054459
909 732 0.4544377407054459
909 733 0.4544377407054459
909 734 0.4544377407054459
909 735 0.4544377407054459
909 736 0.4544377407054459
909 737 0.4544377407054459
909 738 0.4544377407054459
909 739 0.4544377407054459
909 740 0.4544377407054459
909 741 0.4544377407054459
909 742 0.4544377407054459
909 743 0.4544377407054459
909 744 0.4544377407054459
909 745 0.4544377407054459
909 746 0.4544377407054459
909 747 0.4544377407054459
909 748 0.4544377407054459
909 749 0.4544377407054459
909 750 0.4544377407054459
909 751 0.4544377407054459
909 752 0.4544377407054459
909 753 0.4544377407054459
909 754 0.4544377407054459
909 755 0.4544377407054459
909 756 0.4544377407054459
909 757 0.4544377407054459
909 758 0.4544377407054459
909 759 0.4544377407054459
909 760 0.4544377407054459
909 761 0.4544377407054459
909 762 0.4544377407054459
909 763 0.4544377407054459
909 764 0.4544377407054459
909 765 0.4544377407054459
909 766 0.4544377407054459
909 767 0.4544377407054459
909 768 0.4544377407054459
909 769 0.4544377407054459
909 770 0.4544377407054459
909 771 0.4544377407054459
909 772 0.4544377407054459
909 773 0.4544377407054459
909 774 0.4544377407054459
909 775 0.4544377407054459
909 776 0.4544377407054459
909 777 0.4544377407054459
909 778 0.4544377407054459
909 779 0.4544377407054459
909 780 0.4544377407054459
909 781 0.4544377407054459
909 782 0.4544377407054459
909 783 0.4544377407054459
909 784 0.4544377407054459
909 785 0.4544377407054459
909 786 0.4544377407054459
909 787 0.4544377407054459
909 788 0.4544377407054459
909 789 0.4544377407054459
909 790 0.4544377407054459
909 791 0.4544377407054459
909 792 0.4544377407054459
909 793 0.4544377407054459
909 794 0.4544377407054459
909 795 0.4544377407054459
909 796 0.4544377407054459
909 797 0.4544377407054459
909 798 0.4544377407054459
909 799 0.4544377407054459
909 800 0.4544377407054459
909 801 0.4544377407054459
909 802 0.4544377407054459
909 803 0.4544377407054459
909 804 0.4544377407054459
909 805 0.4544377407054459
909 806 0.4544377407054459
909 807 0.4544377407054459
909 808 0.4544377407054459
909 809 0.4544377407054459
909 810 0.4544377407054459
909 811 0.4544377407054459
909 812 0.4544377407054459
909 813 0.4544377407054459
909 814 0.4544377407054459
909 815 0.4544377407054459
909 816 0.4544377407054459
909 817 0.4544377407054459
909 818 0.4544377407054459
909 819 0.4544377407054459
909 820 0.4544377407054459
909 821 0.4544377407054459
909 822 0.4544377407054459
909 823 0.4544377407054459
909 824 0.4544377407054459
909 825 0.4544377407054459
909 826 0.4544377407054459
909 827 0.4544377407054459
909 828 0.4544377407054459
909 829 0.4544377407054459
909 830 0.4544377407054459
909 831 0.4544377407054459
909 832 0.4544377407054459
909 833 0.4544377407054459
909 834 0.4544377407054459
909 835 0.4544377407054459
909 836 0.4544377407054459
909 837 0.4544377407054459
909 838 0.4544377407054459
909 839 0.4544377407054459
909 840 0.4544377407054459
909 841 0.4544377407054459
909 842 0.4544377407054459
909 843 0.4544377407054459
909 844 0.4544377407054459
909 845 0.4544377407054459
909 846 0.4544377407054459
909 847 0.4544377407054459
909 848 0.4544377407054459
909 849 0.4544377407054459
909 850 0.4544377407054459
909 851 0.4544377407054459
909 852 0.4544377407054459
909 853 0.4544377407054459
909 854 0.4544377407054459
909 855 0.4544377407054459
909 856 0.4544377407054459
909 857 0.4544377407054459
909 858 0.4544377407054459
909 859 0.4544377407054459
909 860 0.4544377407054459
909 861 0.4544377407054459
909 862 0.4544377407054459
909 863 0.4544377407054459
909 864 0.4544377407054459
909 865 0.4544377407054459
909 866 0.4544377407054459
909 867 0.4544377407054459
909 868 0.4544377407054459
909 869 0.4544377407054459
909 870 0.4544377407054459
909 871 0.4544377407054459
909 872 0.4544377407054459
909 873 0.4544377407054459
909 874 0.4544377407054459
909 875 0.4544377407054459
909 876 0.4544377407054459
909 877 0.4544377407054459
909 878 0.4544377407054459
909 879 0.4544377407054459
909 880 0.4544377407054459
909 881 0.4544377407054459
909 882 0.4544377407054459
909 883 0.4544377407054459
909 884 0.4544377407054459
909 885 0.4544377407054459
909 886 0.4544377407054459
909 887 0.4544377407054459
909 888 0.4544377407054459
909 889 0.4544377407054459
909 890 0.4544377407054459
909 891 0.4544377407054459
909 892 0.4544377407054459
909 893 0.4544377407054459
909 894 0.4544377407054459
909 895 0.4544377407054459
909 896 0.4544377407054459
909 897 0.4544377407054459
909 898 0.4544377407054459
909 899 0.4544377407054459
909 900 0.4544377407054459
909 901 0.4544377407054459
909 902 0.4544377407054459
909 903 0.4544377407054459
909 904 0.4544377407054459
909 905 0.4544377407054459
909 906 0.4544377407054459
909 907 0.4544377407054459
909 908 0.4544377407054459
909 909 0.4544377407054459
909 910 0.4544377407054459
909 911 0.4544377407054459
909 912 0.4544377407054459
909 913 0.4544377407054459
909 914 0.4544377407054459
909 915 0.4544377407054459
909 916 0.4544377407054459
909 917 0.4544377407054459
909 918 0.4544377407054459
909 919 0.4544377407054459
909 920 0.4544377407054459
909 921 0.4544377407054459
909 922 0.4544377407054459
909 923 0.4544377407054459
909 924 0.4544377407054459
909 925 0.4544377407054459
909 926 0.4544377407054459
909 927 0.4544377407054459
909 928 0.4544377407054459
909 929 0.4544377407054459
909 930 0.4544377407054459
909 931 0.4544377407054459
909 932 0.4544377407054459
909 933 0.4544377407054459
909 934 0.4544377407054459
909 935 0.4544377407054459
909 936 0.4544377407054459
909 937 0.4544377407054459
909 938 0.4544377407054459
909 939 0.4544377407054459
909 940 0.4544377407054459
909 941 0.4544377407054459
909 942 0.4544377407054459
909 943 0.4544377407054459
909 944 0.4544377407054459
909 945 0.4544377407054459
909 946 0.4544377407054459
909 947 0.4544377407054459
909 948 0.4544377407054459
909 949 0.4544377407054459
909 950 0.4544377407054459
909 951 0.4544377407054459
909 952 0.4544377407054459
909 953 0.4544377407054459
909 954 0.4544377407054459
909 955 0.4544377407054459
909 956 0.4544377407054459
909 957 0.4544377407054459
909 958 0.4544377407054459
909 959 0.4544377407054459
909 960 0.4544377407054459
909 961 0.4544377407054459
909 962 0.4544377407054459
909 963 0.4544377407054459
909 964 0.4544377407054459
909 965 0.4544377407054459
909 966 0.4544377407054459
909 967 0.4544377407054459
909 968 0.4544377407054459
909 969 0.4544377407054459
909 970 0.4544377407054459
909 971 0.4544377407054459
909 972 0.4544377407054459
909 973 0.4544377407054459
909 974 0.4544377407054459
909 975 0.4544377407054459
909 976 0.4544377407054459
909 977 0.4544377407054459
909 978 0.4544377407054459
909 979 0.4544377407054459
909 980 0.4544377407054459
909 981 0.4544377407054459
909 982 0.4544377407054459
909 983 0.4544377407054459
909 984 0.4544377407054459
909 985 0.4544377407054459
909 986 0.4544377407054459
909 987 0.4544377407054459
909 988 0.4544377407054459
909 989 0.4544377407054459
909 990 0.4544377407054459
909 991 0.4544377407054459
909 992 0.4544377407054459
909 993 0.4544377407054459
909 994 0.4544377407054459
909 995 0.4544377407054459
909 996 0.4544377407054459
909 997 0.4544377407054459
909 998 0.4544377407054459
909 999 0.4544377407054459
910 0 8.765091992459626
911 953 0.3511776111402029
912 566 1.013504459926947
913 0 1.0
914 281 2.7678143528216754
916 0 1.4554108305481328
916 1 1.4554108305481328
916 2 1.4554108305481328
916 3 1.4554108305481328
916 4 1.4554108305481328
916 5 1.4554108305481328
916 6 1.4554108305481328
916 7 1.4554108305481328
916 8 1.4554108305481328
916 9 1.4554108305481328
916 10 1.4554108305481328
916 11 1.4554108305481328
916 12 1.4554108305481328
916 13 1.4554108305481328
916 14 1.4554108305481328
916 15 1.4554108305481328
916 16 1.4554108305481328
916 17 1.4554108305481328
916 18 1.4554108305481328
916 19 1.4554108305481328
916 20 1.4554108305481328
916 21 1.4554108305481328
916 22 1.4554108305481328
916 23 1.4554108305481328
916 24 1.4554108305481328
916 25 1.4554108305481328
916 26 1.4554108305481328
916 27 1.4554108305481328
916 28 1.4554108305481328
916 29 1.4554108305481328
916 30 1.4554108305481328
916 31 1.4554108305481328
916 32 1.4554108305481328
916 33 1.4554108305481328
916 34 1.4554108305481328
916 35 1.4554108305481328
916 36 1.4554108305481328
916 37 1.4554108305481328
916 38 1.4554108305481328
916 39 1.4554108305481328
916 40 1.4554108305481328
916 41 1.4554108305481328
916 42 1.4554108305481328
916 43 1.4554108305481328
916 44 1.4554108305481328
916 45 1.4554108305481328
916 46 1.4554108305481328
916 47 1.4554108305481328
916 48 1.4554108305481328
916 49 1.4554108305481328
916 50 1.4554108305481328
916 51 1.4554108305481328
916 52 1.4554108305481328
916 53 1.4554108305481328
916 54 1.4554108305481328
916 55 1.4554108305481328
916 56 1.4554108305481328
916 57 1.4554108305481328
916 58 1.4554108305481328
916 59 1.4554108305481328
916 60 1.4554108305481328
916 61 1.4554108305481328
916 62 1.4554108305481328
916 63 1.4554108305481328
916 64 1.4554108305481328
916 65 1.4554108305481328
916 66 1.4554108305481328
916 67 1.4554108305481328
916 68 1.4554108305481328
916 69 1.4554108305481328
916 70 1.4554108305481328
916 71 1.4554108305481328
916 72 1.4554108305481328
916 73 1.4554108305481328
916 74 1.4554108305481328
916 75 1.4554108305481328
916 76 1.4554108305481328
916 77 1.4554108305481328
916 78 1.4554108305481328
916 79 1.4554108305481328
916 80 1.4554108305481328
916 81 1.4554108305481328
916 82 1.4554108305481328
916 83 1.4554108305481328
916 84 1.4554108305481328
916 85 1.4554108305481328
916 86 1.4554108305481328
916 87 1.4554108305481328
916 88 1.4554108305481328
916 89 1.4554108305481328
916 90 1.4554108305481328
916 91 1.4554108305481328
916 92 1.4554108305481328
916 93 1.4554108305481328
916 94 1.4554108305481328
916 95 1.4554108305481328
916 96 1.4554108305481328
916 97 1.4554108305481328
916 98 1.4554108305481328
916 99 1.4554108305481328
916 100 1.4554108305481328
916 101 1.4554108305481328
916 102 1.4554108305481328
916 103 1.4554108305481328
916 104 1.4554108305481328
916 105 1.4554108305481328
916 106 1.4554108305481328
916 107 1.4554108305481328
916 108 1.4554108305481328
916 109 1.4554108305481328
916 110 1.4554108305481328
916 111 1.4554108305481328
916 112 1.4554108305481328
916 113 1.4554108305481328
916 114 1.4554108305481328
916 115 1.4554108305481328
916 116 1.4554108305481328
916 117 1.4554108305481328
916 118 1.4554108305481328
916 119 1.4554108305481328
916 120 1.4554108305481328
916 121 1.4554108305481328
916 122 1.4554108305481328
916 123 1.4554108305481328
916 124 1.4554108305481328
916 125 1.4554108305481328
916 126 1.4554108305481328
916 127 1.4554108305481328
916 128 1.4554108305481328
916 129 1.4554108305481328
916 130 1.4554108305481328
916 131 1.4554108305481328
916 132 1.4554108305481328
916 133 1.4554108305481328
916 134 1.4554108305481328
916 135 1.4554108305481328
916 136 1.4554108305481328
916 137 1.4554108305481328
916 138 1.4554108305481328
916 139 1.4554108305481328
916 140 1.4554108305481328
916 141 1.4554108305481328
916 142 1.4554108305481328
916 143 1.4554108305481328
916 144 1.4554108305481328
916 145 1.4554108305481328
916 146 1.4554108305481328
916 147 1.4554108305481328
916 148 1.4554108305481328
916 149 1.4554108305481328
916 150 1.4554108305481328
916 151 1.4554108305481328
916 152 1.4554108305481328
916 153 1.4554108305481328
916 154 1.4554108305481328
916 155 1.4554108305481328
916 156 1.4554108305481328
916 157 1.4554108305481328
916 158 1.4554108305481328
916 159 1.4554108305481328
916 160 1.4554108305481328
916 161 1.4554108305481328
916 162 1.4554108305481328
916 163 1.4554108305481328
916 164 1.4554108305481328
916 165 1.4554108305481328
916 166 1.4554108305481328
916 167 1.4554108305481328
916 168 1.4554108305481328
916 169 1.4554108305481328
916 170 1.4554108305481328
916 171 1.4554108305481328
916 172 1.4554108305481328
916 173 1.4554108305481328
916 174 1.4554108305481328
916 175 1.4554108305481328
916 176 1.4554108305481328
916 177 1.4554108305481328
916 178 1.4554108305481328
916 179 1.4554108305481328
916 180 1.4554108305481328
916 181 1.4554108305481328
916 182 1.4554108305481328
916 183 1.4554108305481328
916 184 1.4554108305481328
916 185 1.4554108305481328
916 186 1.4554108305481328
916 187 1.4554108305481328
916 188 1.4554108305481328
916 189 1.4554108305481328
916 190 1.4554108305481328
916 191 1.4554108305481328
916 192 1.4554108305481328
916 193 1.4554108305481328
916 194 1.4554108305481328
916 195 1.4554108305481328
916 196 1.4554108305481328
916 197 1.4554108305481328
916 198 1.4554108305481328
916 199 1.4554108305481328
916 200 1.4554108305481328
916 201 1.4554108305481328
916 202 1.4554108305481328
916 203 1.4554108305481328
916 204 1.4554108305481328
916 205 1.4554108305481328
916 206 1.4554108305481328
916 207 1.4554108305481328
916 208 1.4554108305481328
916 209 1.4554108305481328
916 210 1.4554108305481328
916 211 1.4554108305481328
916 212 1.4554108305481328
916 213 1.4554108305481328
916 214 1.4554108305481328
916 215 1.4554108305481328
916 216 1.4554108305481328
916 217 1.4554108305481328
916 218 1.4554108305481328
916 219 1.4554108305481328
916 220 1.4554108305481328
916 221 1.4554108305481328
916 222 1.4554108305481328
916 223 1.4554108305481328
916 224 1.4554108305481328
916 225 1.4554108305481328
916 226 1.4554108305481328
916 227 1.4554108305481328
916 228 1.4554108305481328
916 229 1.4554108305481328
916 230 1.4554108305481328
916 231 1.4554108305481328
916 232 1.4554108305481328
916 233 1.4554108305481328
916 234 1.4554108305481328
916 235 1.4554108305481328
916 236 1.4554108305481328
916 237 1.4554108305481328
916 238 1.4554108305481328
916 239 1.4554108305481328
916 240 1.4554108305481328
916 241 1.4554108305481328
916 242 1.4554108305481328
916 243 1.4554108305481328
916 244 1.4554108305481328
916 245 1.4554108305481328
916 246 1.4554108305481328
916 247 1.4554108305481328
916 248 1.4554108305481328
916 249 1.4554108305481328
916 250 1.4554108305481328
916 251 1.4554108305481328
916 252 1.4554108305481328
916 253 1.4554108305481328
916 254 1.4554108305481328
916 255 1.4554108305481328
916 256 1.4554108305481328
916 257 1.4554108305481328
916 258 1.4554108305481328
916 259 1.4554108305481328
916 260 1.4554108305481328
916 261 1.4554108305481328
916 262 1.4554108305481328
916 263 1.4554108305481328
916 264 1.4554108305481328
916 265 1.4554108305481328
916 266 1.4554108305481328
916 267 1.4554108305481328
916 268 1.4554108305481328
916 269 1.4554108305481328
916 270 1.4554108305481328
916 271 1.4554108305481328
916 272 1.4554108305481328
916 273 1.4554108305481328
916 274 1.4554108305481328
916 275 1.4554108305481328
916 276 1.4554108305481328
916 277 1.4554108305481328
916 278 1.4554108305481328
916 279 1.4554108305481328
916 280 1.4554108305481328
916 281 1.4554108305481328
916 282 1.4554108305481328
916 283 1.4554108305481328
916 284 1.4554108305481328
916 285 1.4554108305481328
916 286 1.4554108305481328
916 287 1.4554108305481328
916 288 1.4554108305481328
916 289 1.4554108305481328
916 290 1.4554108305481328
916 291 1.4554108305481328
916 292 1.4554108305481328
916 293 1.4554108305481328
916 294 1.4554108305481328
916 295 1.4554108305481328
916 296 1.4554108305481328
916 297 1.4554108305481328
916 298 1.4554108305481328
916 299 1.4554108305481328
916 300 1.4554108305481328
916 301 1.4554108305481328
916 302 1.4554108305481328
916 303 1.4554108305481328
916 304 1.4554108305481328
916 305 1.4554108305481328
916 306 1.4554108305481328
916 307 1.4554108305481328
916 308 1.4554108305481328
916 309 1.4554108305481328
916 310 1.4554108305481328
916 311 1.4554108305481328
916 312 1.4554108305481328
916 313 1.4554108305481328
916 314 1.4554108305481328
916 315 1.4554108305481328
916 316 1.4554108305481328
916 317 1.4554108305481328
916 318 1.4554108305481328
916 319 1.4554108305481328
916 320 1.4554108305481328
916 321 1.4554108305481328
916 322 1.4554108305481328
916 323 1.4554108305481328
916 324 1.4554108305481328
916 325 1.4554108305481328
916 326 1.4554108305481328
916 327 1.4554108305481328
916 328 1.4554108305481328
916 329 1.4554108305481328
916 330 1.4554108305481328
916 331 1.4554108305481328
916 332 1.4554108305481328
916 333 1.4554108305481328
916 334 1.4554108305481328
916 335 1.4554108305481328
916 336 1.4554108305481328
916 337 1.4554108305481328
916 338 1.4554108305481328
916 339 1.4554108305481328
916 340 1.4554108305481328
916 341 1.4554108305481328
916 342 1.4554108305481328
916 343 1.4554108305481328
916 344 1.4554108305481328
916 345 1.4554108305481328
916 346 1.4554108305481328
916 347 1.4554108305481328
916 348 1.4554108305481328
916 349 1.4554108305481328
916 350 1.4554108305481328
916 351 1.4554108305481328
916 352 1.4554108305481328
916 353 1.4554108305481328
916 354 1.4554108305481328
916 355 1.4554108305481328
916 356 1.4554108305481328
916 357 1.4554108305481328
916 358 1.4554108305481328
916 359 1.4554108305481328
916 360 1.4554108305481328
916 361 1.4554108305481328
916 362 1.4554108305481328
916 363 1.4554108305481328
916 364 1.4554108305481328
916 365 1.4554108305481328
916 366 1.4554108305481328
916 367 1.4554108305481328
916 368 1.4554108305481328
916 369 1.4554108305481328
916 370 1.4554108305481328
916 371 1.4554108305481328
916 372 1.4554108305481328
916 373 1.4554108305481328
916 374 1.4554108305481328
916 375 1.4554108305481328
916 376 1.4554108305481328
916 377 1.4554108305481328
916 378 1.4554108305481328
916 379 1.4554108305481328
916 380 1.4554108305481328
916 381 1.4554108305481328
916 382 1.4554108305481328
916 383 1.4554108305481328
916 384 1.4554108305481328
916 385 1.4554108305481328
916 386 1.4554108305481328
916 387 1.4554108305481328
916 388 1.4554108305481328
916 389 1.4554108305481328
916 390 1.4554108305481328
916 391 1.4554108305481328
916 392 1.4554108305481328
916 393 1.4554108305481328
916 394 1.4554108305481328
916 395 1.4554108305481328
916 396 1.4554108305481328
916 397 1.4554108305481328
916 398 1.4554108305481328
916 399 1.4554108305481328
916 400 1.4554108305481328
916 401 1.4554108305481328
916 402 1.4554108305481328
916 403 1.4554108305481328
916 404 1.4554108305481328
916 405 1.4554108305481328
916 406 1.4554108305481328
916 407 1.4554108305481328
916 408 1.4554108305481328
916 409 1.4554108305481328
916 410 1.4554108305481328
916 411 1.4554108305481328
916 412 1.4554108305481328
916 413 1.4554108305481328
916 414 1.4554108305481328
916 415 1.4554108305481328
916 416 1.4554108305481328
916 417 1.4554108305481328
916 418 1.4554108305481328
916 419 1.4554108305481328
916 420 1.4554108305481328
916 421 1.4554108305481328
916 422 1.4554108305481328
916 423 1.4554108305481328
916 424 1.4554108305481328
916 425 1.4554108305481328
916 426 1.4554108305481328
916 427 1.4554108305481328
916 428 1.4554108305481328
916 429 1.4554108305481328
916 430 1.4554108305481328
916 431 1.4554108305481328
916 432 1.4554108305481328
916 433 1.4554108305481328
916 434 1.4554108305481328
916 435 1.4554108305481328
916 436 1.4554108305481328
916 437 1.4554108305481328
916 438 1.4554108305481328
916 439 1.4554108305481328
916 440 1.4554108305481328
916 441 1.4554108305481328
916 442 1.4554108305481328
916 443 1.4554108305481328
916 444 1.4554108305481328
916 445 1.4554108305481328
916 446 1.4554108305481328
916 447 1.4554108305481328
916 448 1.4554108305481328
916 449 1.4554108305481328
916 450 1.4554108305481328
916 451 1.4554108305481328
916 452 1.4554108305481328
916 453 1.4554108305481328
916 454 1.4554108305481328
916 455 1.4554108305481328
916 456 1.4554108305481328
916 457 1.4554108305481328
916 458 1.4554108305481328
916 459 1.4554108305481328
916 460 1.4554108305481328
916 461 1.4554108305481328
916 462 1.4554108305481328
916 463 1.4554108305481328
916 464 1.4554108305481328
916 465 1.4554108305481328
916 466 1.4554108305481328
916 467 1.4554108305481328
916 468 1.4554108305481328
916 469 1.4554108305481328
916 470 1.4554108305481328
916 471 1.4554108305481328
916 472 1.4554108305481328
916 473 1.4554108305481328
916 474 1.4554108305481328
916 475 1.4554108305481328
916 476 1.4554108305481328
916 477 1.4554108305481328
916 478 1.4554108305481328
916 479 1.4554108305481328
916 480 1.4554108305481328
916 481 1.4554108305481328
916 482 1.4554108305481328
916 483 1.4554108305481328
916 484 1.4554108305481328
916 485 1.4554108305481328
916 486 1.4554108305481328
916 487 1.4554108305481328
916 488 1.4554108305481328
916 489 1.4554108305481328
916 490 1.4554108305481328
916 491 1.4554108305481328
916 492 1.4554108305481328
916 493 1.4554108305481328
916 494 1.4554108305481328
916 495 1.4554108305481328
916 496 1.4554108305481328
916 497 1.4554108305481328
916 498 1.4554108305481328
916 499 1.4554108305481328
916 500 1.4554108305481328
916 501 1.4554108305481328
916 502 1.4554108305481328
916 503 1.4554108305481328
916 504 1.4554108305481328
916 505 1.4554108305481328
916 506 1.4554108305481328
916 507 1.4554108305481328
916 508 1.4554108305481328
916 509 1.4554108305481328
916 510 1.4554108305481328
916 511 1.4554108305481328
916 512 1.4554108305481328
916 513 1.4554108305481328
916 514 1.4554108305481328
916 515 1.4554108305481328
916 516 1.4554108305481328
916 517 1.4554108305481328
916 518 1.4554108305481328
916 519 1.4554108305481328
916 520 1.4554108305481328
916 521 1.4554108305481328
916 522 1.4554108305481328
916 523 1.4554108305481328
916 524 1.4554108305481328
916 525 1.4554108305481328
916 526 1.4554108305481328
916 527 1.4554108305481328
916 528 1.4554108305481328
916 529 1.4554108305481328
916 530 1.4554108305481328
916 531 1.4554108305481328
916 532 1.4554108305481328
916 533 1.4554108305481328
916 534 1.4554108305481328
916 535 1.4554108305481328
916 536 1.4554108305481328
916 537 1.4554108305481328
916 538 1.4554108305481328
916 539 1.4554108305481328
916 540 1.4554108305481328
916 541 1.4554108305481328
916 542 1.4554108305481328
916 543 1.4554108305481328
916 544 1.4554108305481328
916 545 1.4554108305481328
916 546 1.4554108305481328
916 547 1.4554108305481328
916 548 1.4554108305481328
916 549 1.4554108305481328
916 550 1.4554108305481328
916 551 1.4554108305481328
916 552 1.4554108305481328
916 553 1.4554108305481328
916 554 1.4554108305481328
916 555 1.4554108305481328
916 556 1.4554108305481328
916 557 1.4554108305481328
916 558 1.4554108305481328
916 559 1.4554108305481328
916 560 1.4554108305481328
916 561 1.4554108305481328
916 562 1.4554108305481328
916 563 1.4554108305481328
916 564 1.4554108305481328
916 565 1.4554108305481328
916 566 1.4554108305481328
916 567 1.4554108305481328
916 568 1.4554108305481328
916 569 1.4554108305481328
916 570 1.4554108305481328
916 571 1.4554108305481328
916 572 1.4554108305481328
916 573 1.4554108305481328
916 574 1.4554108305481328
916 575 1.4554108305481328
916 576 1.4554108305481328
916 577 1.4554108305481328
916 578 1.4554108305481328
916 579 1.4554108305481328
916 580 1.4554108305481328
916 581 1.4554108305481328
916 582 1.4554108305481328
916 583 1.4554108305481328
916 584 1.4554108305481328
916 585 1.4554108305481328
916 586 1.4554108305481328
916 587 1.4554108305481328
916 588 1.4554108305481328
916 589 1.4554108305481328
916 590 1.4554108305481328
916 591 1.4554108305481328
916 592 1.4554108305481328
916 593 1.4554108305481328
916 594 1.4554108305481328
916 595 1.4554108305481328
916 596 1.4554108305481328
916 597 1.4554108305481328
916 598 1.4554108305481328
916 599 1.4554108305481328
916 600 1.4554108305481328
916 601 1.4554108305481328
916 602 1.4554108305481328
916 603 1.4554108305481328
916 604 1.4554108305481328
916 605 1.4554108305481328
916 606 1.4554108305481328
916 607 1.4554108305481328
916 608 1.4554108305481328
916 609 1.4554108305481328
916 610 1.4554108305481328
916 611 1.4554108305481328
916 612 1.4554108305481328
916 613 1.4554108305481328
916 614 1.4554108305481328
916 615 1.4554108305481328
916 616 1.4554108305481328
916 617 1.4554108305481328
916 618 1.4554108305481328
916 619 1.4554108305481328
916 620 1.4554108305481328
916 621 1.4554108305481328
916 622 1.4554108305481328
916 623 1.4554108305481328
916 624 1.4554108305481328
916 625 1.4554108305481328
916 626 1.4554108305481328
916 627 1.4554108305481328
916 628 1.4554108305481328
916 629 1.4554108305481328
916 630 1.4554108305481328
916 631 1.4554108305481328
916 632 1.4554108305481328
916 633 1.4554108305481328
916 634 1.4554108305481328
916 635 1.4554108305481328
916 636 1.4554108305481328
916 637 1.4554108305481328
916 638 1.4554108305481328
916 639 1.4554108305481328
916 640 1.4554108305481328
916 641 1.4554108305481328
916 642 1.4554108305481328
916 643 1.4554108305481328
916 644 1.4554108305481328
916 645 1.4554108305481328
916 646 1.4554108305481328
916 647 1.4554108305481328
916 648 1.4554108305481328
916 649 1.4554108305481328
916 650 1.4554108305481328
916 651 1.4554108305481328
916 652 1.4554108305481328
916 653 1.4554108305481328
916 654 1.4554108305481328
916 655 1.4554108305481328
916 656 1.4554108305481328
916 657 1.4554108305481328
916 658 1.4554108305481328
916 659 1.4554108305481328
916 660 1.4554108305481328
916 661 1.4554108305481328
916 662 1.4554108305481328
916 663 1.4554108305481328
916 664 1.4554108305481328
916 665 1.4554108305481328
916 666 1.4554108305481328
916 667 1.4554108305481328
916 668 1.4554108305481328
916 669 1.4554108305481328
916 670 1.4554108305481328
916 671 1.4554108305481328
916 672 1.4554108305481328
916 673 1.4554108305481328
916 674 1.4554108305481328
916 675 1.4554108305481328
916 676 1.4554108305481328
916 677 1.4554108305481328
916 678 1.4554108305481328
916 679 1.4554108305481328
916 680 1.4554108305481328
916 681 1.4554108305481328
916 682 1.4554108305481328
916 683 1.4554108305481328
916 684 1.4554108305481328
916 685 1.4554108305481328
916 686 1.4554108305481328
916 687 1.4554108305481328
916 688 1.4554108305481328
916 689 1.4554108305481328
916 690 1.4554108305481328
916 691 1.4554108305481328
916 692 1.4554108305481328
916 693 1.4554108305481328
916 694 1.4554108305481328
916 695 1.4554108305481328
916 696 1.4554108305481328
916 697 1.4554108305481328
916 698 1.4554108305481328
916 699 1.4554108305481328
916 700 1.4554108305481328
916 701 1.4554108305481328
916 702 1.4554108305481328
916 703 1.4554108305481328
916 704 1.4554108305481328
916 705 1.4554108305481328
916 706 1.4554108305481328
916 707 1.4554108305481328
916 708 1.4554108305481328
916 709 1.4554108305481328
916 710 1.4554108305481328
916 711 1.4554108305481328
916 712 1.4554108305481328
916 713 1.4554108305481328
916 714 1.4554108305481328
916 715 1.4554108305481328
916 716 1.4554108305481328
916 717 1.4554108305481328
916 718 1.4554108305481328
916 719 1.4554108305481328
916 720 1.4554108305481328
916 721 1.4554108305481328
916 722 1.4554108305481328
916 723 1.4554108305481328
916 724 1.4554108305481328
916 725 1.4554108305481328
916 726 1.4554108305481328
916 727 1.4554108305481328
916 728 1.4554108305481328
916 729 1.4554108305481328
916 730 1.4554108305481328
916 731 1.4554108305481328
916 732 1.4554108305481328
916 733 1.4554108305481328
916 734 1.4554108305481328
916 735 1.4554108305481328
916 736 1.4554108305481328
916 737 1.4554108305481328
916 738 1.4554108305481328
916 739 1.4554108305481328
916 740 1.4554108305481328
916 741 1.4554108305481328
916 742 1.4554108305481328
916 743 1.4554108305481328
916 744 1.4554108305481328
916 745 1.4554108305481328
916 746 1.4554108305481328
916 747 1.4554108305481328
916 748 1.4554108305481328
916 749 1.4554108305481328
916 750 1.4554108305481328
916 751 1.4554108305481328
916 752 1.4554108305481328
916 753 1.4554108305481328
916 754 1.4554108305481328
916 755 1.4554108305481328
916 756 1.4554108305481328
916 757 1.4554108305481328
916 758 1.4554108305481328
916 759 1.4554108305481328
916 760 1.4554108305481328
916 761 1.4554108305481328
916 762 1.4554108305481328
916 763 1.4554108305481328
916 764 1.4554108305481328
916 765 1.4554108305481328
916 766 1.4554108305481328
916 767 1.4554108305481328
916 768 1.4554108305481328
916 769 1.4554108305481328
916 770 1.4554108305481328
916 771 1.4554108305481328
916 772 1.4554108305481328
916 773 1.4554108305481328
916 774 1.4554108305481328
916 775 1.4554108305481328
916 776 1.4554108305481328
916 777 1.4554108305481328
916 778 1.4554108305481328
916 779 1.4554108305481328
916 780 1.4554108305481328
916 781 1.4554108305481328
916 782 1.4554108305481328
916 783 1.4554108305481328
916 784 1.4554108305481328
916 785 1.4554108305481328
916 786 1.4554108305481328
916 787 1.4554108305481328
916 788 1.4554108305481328
916 789 1.4554108305481328
916 790 1.4554108305481328
916 791 1.4554108305481328
916 792 1.4554108305481328
916 793 1.4554108305481328
916 794 1.4554108305481328
916 795 1.4554108305481328
916 796 1.4554108305481328
916 797 1.4554108305481328
916 798 1.4554108305481328
916 799 1.4554108305481328
916 800 1.4554108305481328
916 801 1.4554108305481328
916 802 1.4554108305481328
916 803 1.4554108305481328
916 804 1.4554108305481328
916 805 1.4554108305481328
916 806 1.4554108305481328
916 807 1.4554108305481328
916 808 1.4554108305481328
916 809 1.4554108305481328
916 810 1.4554108305481328
916 811 1.4554108305481328
916 812 1.4554108305481328
916 813 1.4554108305481328
916 814 1.4554108305481328
916 815 1.4554108305481328
916 816 1.4554108305481328
916 817 1.4554108305481328
916 818 1.4554108305481328
916 819 1.4554108305481328
916 820 1.4554108305481328
916 821 1.4554108305481328
916 822 1.4554108305481328
916 823 1.4554108305481328
916 824 1.4554108305481328
916 825 1.4554108305481328
916 826 1.4554108305481328
916 827 1.4554108305481328
916 828 1.4554108305481328
916 829 1.4554108305481328
916 830 1.4554108305481328
916 831 1.4554108305481328
916 832 1.4554108305481328
916 833 1.4554108305481328
916 834 1.4554108305481328
916 835 1.4554108305481328
916 836 1.4554108305481328
916 837 1.4554108305481328
916 838 1.4554108305481328
916 839 1.4554108305481328
916 840 1.4554108305481328
916 841 1.4554108305481328
916 842 1.4554108305481328
916 843 1.4554108305481328
916 844 1.4554108305481328
916 845 1.4554108305481328
916 846 1.4554108305481328
916 847 1.4554108305481328
916 848 1.4554108305481328
916 849 1.4554108305481328
916 850 1.4554108305481328
916 851 1.4554108305481328
916 852 1.4554108305481328
916 853 1.4554108305481328
916 854 1.4554108305481328
916 855 1.4554108305481328
916 856 1.4554108305481328
916 857 1.4554108305481328
916 858 1.4554108305481328
916 859 1.4554108305481328
916 860 1.4554108305481328
916 861 1.4554108305481328
916 862 1.4554108305481328
916 863 1.4554108305481328
916 864 1.4554108305481328
916 865 1.4554108305481328
916 866 1.4554108305481328
916 867 1.4554108305481328
916 868 1.4554108305481328
916 869 1.4554108305481328
916 870 1.4554108305481328
916 871 1.4554108305481328
916 872 1.4554108305481328
916 873 1.4554108305481328
916 874 1.4554108305481328
916 875 1.4554108305481328
916 876 1.4554108305481328
916 877 1.4554108305481328
916 878 1.4554108305481328
916 879 1.4554108305481328
916 880 1.4554108305481328
916 881 1.4554108305481328
916 882 1.4554108305481328
916 883 1.4554108305481328
916 884 1.4554108305481328
916 885 1.4554108305481328
916 886 1.4554108305481328
916 887 1.4554108305481328
916 888 1.4554108305481328
916 889 1.4554108305481328
916 890 1.4554108305481328
916 891 1.4554108305481328
916 892 1.4554108305481328
916 893 1.4554108305481328
916 894 1.4554108305481328
916 895 1.4554108305481328
916 896 1.4554108305481328
916 897 1.4554108305481328
916 898 1.4554108305481328
916 899 1.4554108305481328
916 900 1.4554108305481328
916 901 1.4554108305481328
916 902 1.4554108305481328
916 903 1.4554108305481328
916 904 1.4554108305481328
916 905 1.4554108305481328
916 906 1.4554108305481328
916 907 1.4554108305481328
916 908 1.4554108305481328
916 909 1.4554108305481328
916 910 1.4554108305481328
916 911 1.4554108305481328
916 912 1.4554108305481328
916 913 1.4554108305481328
916 914 1.4554108305481328
916 915 1.4554108305481328
916 916 1.4554108305481328
916 917 1.4554108305481328
916 918 1.4554108305481328
916 919 1.4554108305481328
916 920 1.4554108305481328
916 921 1.4554108305481328
916 922 1.4554108305481328
916 923 1.4554108305481328
916 924 1.4554108305481328
916 925 1.4554108305481328
916 926 1.4554108305481328
916 927 1.4554108305481328
916 928 1.4554108305481328
916 929 1.4554108305481328
916 930 1.4554108305481328
916 931 1.4554108305481328
916 932 1.4554108305481328
916 933 1.4554108305481328
916 934 1.4554108305481328
916 935 1.4554108305481328
916 936 1.4554108305481328
916 937 1.4554108305481328
916 938 1.4554108305481328
916 939 1.4554108305481328
916 940 1.4554108305481328
916 941 1.4554108305481328
916 942 1.4554108305481328
916 943 1.4554108305481328
916 944 1.4554108305481328
916 945 1.4554108305481328
916 946 1.4554108305481328
916 947 1.4554108305481328
916 948 1.4554108305481328
916 949 1.4554108305481328
916 950 1.4554108305481328
916 951 1.4554108305481328
916 952 1.4554108305481328
916 953 1.4554108305481328
916 954 1.4554108305481328
916 955 1.4554108305481328
916 956 1.4554108305481328
916 957 1.4554108305481328
916 958 1.4554108305481328
916 959 1.4554108305481328
916 960 1.4554108305481328
916 961 1.4554108305481328
916 962 1.4554108305481328
916 963 1.4554108305481328
916 964 1.4554108305481328
916 965 1.4554108305481328
916 966 1.4554108305481328
916 967 1.4554108305481328
916 968 1.4554108305481328
916 969 1.4554108305481328
916 970 1.4554108305481328
916 971 1.4554108305481328
916 972 1.4554108305481328
916 973 1.4554108305481328
916 974 1.4554108305481328
916 975 1.4554108305481328
916 976 1.4554108305481328
916 977 1.4554108305481328
916 978 1.4554108305481328
916 979 1.4554108305481328
916 980 1.4554108305481328
916 981 1.4554108305481328
916 982 1.4554108305481328
916 983 1.4554108305481328
916 984 1.4554108305481328
916 985 1.4554108305481328
916 986 1.4554108305481328
916 987 1.4554108305481328
916 988 1.4554108305481328
916 989 1.4554108305481328
916 990 1.4554108305481328
916 991 1.4554108305481328
916 992 1.4554108305481328
916 993 1.4554108305481328
916 994 1.4554108305481328
916 995 1.4554108305481328
916 996 1.4554108305481328
916 997 1.4554108305481328
916 998 1.4554108305481328
916 999 1.4554108305481328
917 0 0.18172532951447043
918 0 8.458026761055255
919 765 12.993942333353365
920 128 2.0935373839954776
921 418 1.664785380101545
922 0 3.670440953504718
923 475 0.5480883173111354
924 64 13.20851715757431
925 0 7.049551043097053
926 642 5.574253588956708
927 68 18.57159988887487
928 527 10.602312310261555
929 926 0.22490909081008428
930 386 1.1008946876599832
931 780 0.6521486951263695
932 325 1.2513398949712633
933 663 9.936062218372543
934 262 1.001165556439068
936 691 2.08138743332944
937 500 0.3084918685905996
938 500 7.211928795552136
939 494 0.6127856361807695
940 500 3.9675098550333554
941 614 1.0
942 431 0.9963576962514449
943 0 21.50497469093967
944 243 0.21296102026526847
945 837 1.0
946 344 0.5595124031271663
947 822 1.1439478760940136
948 583 8.89620249904551
949 906 2.2455359457506088
950 274 2.278397057361172
952 187 1.165664689627898
953 718 1.2463190873872487
954 13 31.842591746739426
955 261 1.7692437553048856
956 734 1.172034458579039
958 341 10.670883285517595
959 490 0.8231756932863733
960 0 0.6939631935456714
961 318 4.089617069269067
962 778 1.7838373264573588
963 779 7.297734644023562
964 525 2.055400920890565
966 577 35.10246608906954
967 729 0.2079935268042831
968 304 7.758694515694872
969 602 10.694351517036536
970 403 0.12181202969725922
972 77 0.11906131102526878
973 203 5.411142754206626
974 18 18.54858122670942
975 880 0.7697861685056253
977 534 49.699167566328285
978 0 10.880572477605508
979 365 2.831016312612481
980 0 0.950514086184732
981 810 1.2410266105126222
982 57 2.7678257642480597
984 69 9.122411382692961
987 91 1.202852453449895
988 687 5.761551399823438
989 626 9.001302566024489
990 61 2.76673635802365
991 483 2.2738819966018866
992 460 0.4871158954335809
993 839 24.073748477164475
994 611 0.11192774428654628
995 214 13.29867914770275
996 682 1.0
997 790 2.7484375516302437
998 732 4.605372806659892
999 0 0.7296383142659496
