0 384 0.5000381993158677
1 0 0.5000000102563027
2 0 0.5000362789268914
3 221 0.5002152341613176
4 0 0.5001129370281351
5 929 0.500000234757002
6 727 0.5000024603928547
7 118 0.5002168679108976
8 825 0.5000019286120712
10 323 0.5000053623633113
11 475 0.500107159571822
12 350 0.50000709119499
15 580 0.5000430599258415
17 0 0.5002929877736124
18 526 0.5002255910985639
19 426 0.5000846175008506
20 36 0.5002929877736124
21 894 0.5000096631605815
22 323 0.5000596712971006
23 208 0.500509550888939
24 0 0.5000400567030534
25 284 0.5000186346589724
26 0 0.5002929877736124
27 0 0.5000000030562513
28 32 0.5001297406085728
29 841 0.5000005730380144
30 0 0.5002754120170967
31 297 0.5000014145178122
32 589 0.5000002207211487
33 0 0.5001224604677054
34 723 0.5000345992630095
35 691 0.5000014351556659
37 294 0.5001767054128999
38 212 0.5000536074741002
39 468 0.5000076121229265
40 0 0.5000097418368245
41 0 0.5002929877736124
42 382 0.5002896804073406
43 835 0.5001246187909583
45 332 0.5000071263198492
46 824 0.5000145404437827
47 772 0.5000963388648489
48 315 0.5000586429594277
49 1 0.5000105945863976
50 467 0.5004379644118544
51 653 0.5000274097554889
52 0 0.500003376890583
53 589 0.5000005148040559
54 297 0.5000149026999811
55 971 0.5000044396449622
56 800 0.5001375289158344
57 949 0.5002765443041318
59 206 0.5001546375546134
60 309 0.5000005885846356
61 29 0.5000015502147951
62 32 0.5000029196491917
64 0 0.5000531738721431
65 637 0.5000049650530605
66 739 0.5000160197779645
67 489 0.5003927137626422
68 0 0.5000146093909233
69 0 0.5003654117801977
70 879 0.500204657908757
72 299 0.5000121499943332
75 587 0.5002929877736124
76 0 0.5005633327405952
77 0 0.5004638832679379
79 156 0.5000113497493219
80 619 0.5000132021236283
81 570 0.5000056627643096
82 813 0.5000027109649379
83 397 0.5005386737321273
84 760 0.5000366314415723
85 298 0.500005764468085
86 72 0.5000053371787809
87 400 0.5006931055628995
88 808 0.5002929877736124
90 0 0.5001683577544773
92 0 0.5000001951078374
94 431 0.500009767052284
95 233 0.5004021717620077
96 738 0.5002929877736124
97 239 0.5002929877736124
98 0 0.5002537514504516
99 900 0.5000000133457047
100 451 0.5003475913809475
101 126 0.500008945111947
103 270 0.5000729159866096
104 803 0.5001071666019323
105 0 0.5002929877736124
106 169 0.5000401443392963
107 427 0.500755206304096
108 237 0.500006988990711
110 857 0.5001334771631221
111 0 0.5000060565698794
114 749 0.5002929877736124
115 581 0.500004450639819
116 925 0.5000000019277856
117 0 0.5002929877736124
118 387 0.50005776774257
119 774 0.5000146119991327
120 1 0.5007675480856585
121 902 0.5000003131185191
122 249 0.500521199199696
123 270 0.5002929877736124
124 551 0.5001729122470987
125 0 0.5002380077389422
126 55 0.500059964269245
128 728 0.5001557918492966
129 330 0.5000007521201237
130 801 0.5002718557716086
132 329 0.5001458340965148
133 0 0.5000121934749144
134 335 0.5001345465693312
135 694 0.5000002882665687
136 341 0.5002785207967503
137 0 0.5000807882962859
138 911 0.5000106204690937
139 540 0.5002766146368768
140 506 0.5002929877736124
141 531 0.5016915113768301
142 104 0.5000269431097377
143 236 0.5000010416615612
144 606 0.5000535756440798
146 61 0.5000126619207877
147 792 0.500120936306065
149 778 0.5000001264427548
150 900 0.500099929945601
152 685 0.5002929877736124
153 123 0.5000993105935183
155 579 0.500006077782802
156 467 0.5000278585775608
157 744 0.5000030152093343
159 7 0.5001067622373494
160 260 0.5001600626452679
161 352 0.5007760020180094
162 263 0.5000769478115676
163 550 0.5000914706332844
164 843 0.5000000124059604
165 502 0.5000024666094265
166 488 0.5000029134665595
167 0 0.5002640193599128
168 737 0.5003506290068538
171 788 0.5000120287718907
172 219 0.5001607244985585
173 0 0.5000045477412357
174 31 0.5001396907853791
175 98 0.5000002839502209
177 0 0.5000274438701332
178 903 0.5000655254446853
179 596 0.5000029114248098
181 737 0.500001806215653
182 550 0.5002755475216278
183 500 0.5000363316159174
184 462 0.5000065780331002
185 682 0.5002435708946231
186 341 0.5000157100214004
187 875 0.5002929877736124
188 789 0.5000042649311591
189 56 0.5001897379272542
190 186 0.5000295028496963
192 900 0.5000013691362482
193 0 0.5000262247597853
194 383 0.5000454138133371
195 75 0.5007748459487971
197 586 0.5000462994611952
198 531 0.501552952491321
199 0 0.5002929877736124
200 232 0.5002565414461858
201 0 0.5000567049141058
202 583 0.5000081554316309
203 627 0.5006304241319449
204 927 0.500521199199696
205 713 0.5002929877736124
206 0 0.5000218306119927
207 337 0.500001145635738
208 236 0.5000003018695883
209 870 0.5000465311501415
211 962 0.5000028115737605
212 544 0.5000649175107456
213 746 0.5002333896963177
214 807 0.5000323679650385
215 952 0.5000007585384875
216 0 0.5002929877736124
217 477 0.5000386555917508
218 880 0.500000550553884
219 685 0.5000411132409922
220 431 0.5001018511099358
221 632 0.500006016401069
222 395 0.5005293451226698
223 0 0.500000297073566
224 751 0.500103757856553
226 235 0.5000182020985003
227 576 0.5000387263930409
228 314 0.5000296727379054
229 312 0.5002142950963697
230 643 0.5001662151252015
231 679 0.5000097117843646
233 717 0.5002929877736124
234 451 0.5000108635550997
235 82 0.5002929877736124
236 285 0.5003196985338304
237 0 0.5000050902682841
241 320 0.5000020226653615
242 393 0.5000485206977037
247 974 0.5002144699284236
248 721 0.5000394922793903
249 278 0.5001180611381022
251 0 0.500000005081102
252 714 0.5001918156965731
253 284 0.5001110234813598
254 86 0.5000477475518824
255 627 0.5000981071343867
256 570 0.5002399033634373
257 946 0.5000030320903646
258 108 0.5000024117513844
259 533 0.5002929877736124
260 984 0.5000110671099162
261 939 0.5000000110195661
262 746 0.5000189805412004
263 0 0.5000005174502468
264 257 0.5000153344396083
265 668 0.5000299062145054
266 861 0.5000536386860029
269 451 0.500457639593328
270 575 0.500000322210665
271 235 0.5000000124059966
272 443 0.5000035481614581
273 598 0.5000871289846878
274 518 0.5002929877736124
275 495 0.5000001011202869
276 793 0.5005578145285311
277 367 0.5000305210421802
278 282 0.5004089993961439
279 0 0.5000124442010371
280 669 0.5002440264841606
281 188 0.5002929877736124
282 464 0.500154424166861
283 0 0.5000926250667002
284 412 0.5000614551890652
285 7 0.5001646819229739
286 518 0.5000079265319105
287 990 0.5000581312847463
288 0 0.5002929877736124
289 175 0.5002929877736124
290 564 0.5000468686038553
291 0 0.5002929877736124
292 617 0.50009656006592
293 321 0.5000092358245637
294 389 0.5001864883453392
297 859 0.5000005600022098
298 586 0.5000149999744709
299 0 0.5000000000620023
300 372 0.5003146961974388
301 621 0.5000106274697109
302 356 0.5000194362282739
303 0 0.5001669960076296
305 350 0.5000002082174451
306 281 0.5000513141200441
307 227 0.5000990851280259
308 0 0.500050765030563
309 770 0.5000291001012297
310 0 0.500019339051216
311 637 0.5001657697409126
312 448 0.5000939550695708
313 228 0.5000872165668802
314 950 0.5004330447912312
315 463 0.5008598578774711
316 31 0.5000075506361717
317 812 0.5000751787483345
318 385 0.5003004747129739
319 83 0.5012204246807838
320 229 0.500096323544246
321 185 0.5002490312309379
322 0 0.5002463548013076
323 604 0.5002929877736124
324 92 0.5000009145949335
325 109 0.5000007694944241
326 0 0.5000657985811113
327 300 0.500013875941365
328 402 0.5001126593957823
329 335 0.5000064160651039
330 666 0.5002438783473547
331 124 0.5000111305107786
332 434 0.5000353298266291
333 649 0.5002929877736124
334 974 0.500006116323267
335 0 0.5000150857211039
337 426 0.5000044232751883
338 308 0.5000384732141938
340 500 0.5001062094613031
341 952 0.5000404600418027
343 0 0.5000382071160654
344 398 0.5000002988221054
345 725 0.5000219325714506
346 439 0.5003441217739445
348 0 0.5000141065781973
349 294 0.5000870900132022
350 629 0.5000970581597354
351 79 0.5001438079240568
352 0 0.5000544864528124
353 894 0.5000348525761791
355 696 0.5000028451425707
356 958 0.5000162719112767
357 739 0.5001151153409268
358 75 0.5001054557198634
359 888 0.5001818475479045
360 708 0.5000442172368672
361 397 0.5002712198888919
363 290 0.5000005072786534
364 367 0.5000007654422434
366 159 0.5001923968813313
370 277 0.5000184959100764
371 0 0.5000030821281127
372 169 0.5000034804512697
373 0 0.5000068747910997
374 0 0.5000065701362347
375 462 0.5002929877736124
377 64 0.5000608911762037
378 0 0.5000025456468847
379 0 0.5006208274595927
381 450 0.5000238754209616
382 657 0.5001343767616806
383 862 0.5000028212011797
384 673 0.500000048333946
385 416 0.5012038748891514
388 213 0.5000151769589033
389 775 0.500022882695568
390 274 0.5000006596796464
391 0 0.5000006330949908
392 389 0.5003028945842758
393 840 0.500108746216732
394 161 0.5000034881773486
395 0 0.5003786900575776
396 0 0.5000017090168302
397 65 0.500001120294274
398 513 0.5000098127545941
400 0 0.5000107107248534
401 604 0.50041267162665
403 0 0.5000000066885053
404 0 0.5000151769589033
405 332 0.5000098129137415
407 157 0.5000006861297822
410 986 0.5002280308357842
411 686 0.5000078154497408
412 795 0.5000039309993997
413 570 0.5000631518201853
414 730 0.5000674432691266
415 0 0.5000025148373274
416 0 0.5000870114268093
417 121 0.5002929877736124
418 237 0.5000620473213461
419 98 0.5002545919775083
420 527 0.5001167895265769
421 972 0.5001314544033008
422 293 0.5000000964358572
423 0 0.500051757524933
424 0 0.500006611987682
425 373 0.5002845833732369
427 338 0.5000439825842866
429 130 0.5000319430601537
430 559 0.5000017126342855
431 894 0.5005792381795732
432 75 0.5000218436450723
433 229 0.5000170573347996
434 409 0.500521199199696
435 519 0.5000007296615873
436 404 0.5002929877736124
437 104 0.5000054595113348
438 762 0.5000268835284479
439 0 0.5012237909235867
440 58 0.5000600329508338
441 209 0.5001087009892652
442 250 0.5000064296907145
444 339 0.5007792275516317
445 0 0.5000299514090913
446 290 0.5000947877734708
447 0 0.5001420328724956
448 84 0.5000344398112883
449 347 0.5000859833280418
451 159 0.5000002114193728
452 729 0.5000555868030833
453 220 0.5000006751701246
454 800 0.5002762775413075
455 142 0.5000076272864986
457 181 0.500006372027008
458 0 0.5000008639012772
459 0 0.5001421374994224
460 0 0.5001455101405571
461 396 0.5002929877736124
462 26 0.5002929877736124
463 0 0.5002929877736124
464 576 0.5002929877736124
465 90 0.5000418827247735
466 709 0.5000348824782574
467 194 0.5002929877736124
468 843 0.5000102580208902
469 125 0.5000008816971211
471 196 0.5004591406258619
472 0 0.5002929877736124
473 223 0.5000024509981463
474 0 0.5002209460378021
475 171 0.5000009232280642
476 500 0.5000132972991709
477 903 0.5002929877736124
478 543 0.5000471854187581
480 0 0.5006167094455136
481 129 0.5000006194008676
482 522 0.500016625351559
483 767 0.5002929877736124
485 433 0.5001052488650032
486 188 0.5000988337311617
488 0 0.5001379097466183
489 658 0.500107166402782
490 669 0.500000765877379
491 427 0.5000025928526581
492 0 0.5000128809346204
493 606 0.5000008170153506
494 0 0.5002603495731686
495 934 0.5001691169858753
497 102 0.5000235412365015
498 933 0.5001777277000853
499 152 0.500001829503432
500 0 0.5002608976802632
502 152 0.500040522254299
504 554 0.5000103311269337
505 710 0.5001615809948303
506 916 0.5002594870531615
508 528 0.5002929877736124
509 670 0.500094282954134
510 194 0.5001707248228642
511 246 0.5000061986771991
512 609 0.5001129456924073
513 78 0.5000173582233366
514 25 0.5000126759571536
516 0 0.5000001608889019
517 901 0.5000000321760146
518 680 0.5002929877736124
519 0 0.5000048075475557
520 383 0.5002197853251891
521 885 0.5000304193811211
522 0 0.5000131845370896
523 618 0.5000272896349519
524 0 0.500096748689956
525 153 0.5002929877736124
526 98 0.5000788870299919
527 0 0.5000275061745695
528 620 0.5007541921736451
529 456 0.5002241876683994
530 423 0.5002929877736124
531 428 0.5001848550674833
532 959 0.5000111959217116
534 56 0.5000087104606032
536 852 0.5001261645205424
537 168 0.5000678757615071
538 484 0.5000127542852254
540 952 0.5004666796435046
541 936 0.500005636664434
542 213 0.500006006487135
543 464 0.500019431335661
544 793 0.5000353238997882
545 133 0.50008862303109
546 198 0.5002718557716086
547 884 0.5012140206893831
548 771 0.5002929877736124
549 506 0.5002929877736124
550 428 0.5000002508144107
552 492 0.5000000073274429
553 256 0.500000129156617
554 988 0.5005916782137889
555 585 0.5000219325714506
556 223 0.5001625505976145
557 977 0.5000255781900651
558 799 0.5000584723134812
559 750 0.5000218003284036
560 372 0.5000184919424473
561 438 0.5001152211070913
562 179 0.5000348097561279
563 728 0.5002929877736124
565 63 0.5000164743733251
566 0 0.5000321899768522
567 535 0.5000064171168878
568 0 0.5002929877736124
570 214 0.5000159409961877
572 337 0.5000043550053589
573 506 0.5002929877736124
575 0 0.5006759301338549
576 540 0.5000275942197274
577 430 0.5000015699759252
579 798 0.5001272715927214
580 739 0.5009107625358918
581 0 0.5000011585208168
582 241 0.5000035251503335
583 760 0.5000079451572239
584 843 0.50006163886691
586 395 0.5000015701571839
587 384 0.5000170614075757
588 595 0.5002929877736124
590 124 0.5000364471608422
591 156 0.5002022234742698
592 0 0.5002929877736124
593 850 0.500136586551821
594 0 0.5000009804411263
595 465 0.5000995739365384
596 423 0.5002929877736124
597 964 0.5000057083217302
599 481 0.5000977325525977
600 891 0.5001245045278564
601 61 0.5001613480239503
602 274 0.5003746535645357
603 642 0.5001516907544759
605 625 0.5000001099233873
606 0 0.500076074500887
607 426 0.5002929877736124
608 202 0.5000138094881434
609 0 0.5000263461385579
610 956 0.5001123802642625
611 500 0.500021223903744
612 921 0.5003328824635012
613 129 0.5000043167126342
614 866 0.5000242125172741
616 96 0.5002929877736124
617 0 0.5005494090411461
618 432 0.5000020956086701
619 451 0.5000332911994676
620 330 0.5000158717868516
621 0 0.5002929877736124
622 480 0.5000747634314833
623 570 0.5002239930140537
624 0 0.5006822476200732
625 898 0.5002794059354834
626 733 0.5000074696314871
627 871 0.500013585132976
628 447 0.5000281869286692
629 437 0.5000134938708704
630 14 0.5000000072815617
631 484 0.5000453390982877
632 0 0.5001277334730119
633 265 0.5000182580854515
634 604 0.5000456398736578
635 742 0.5000405149852174
636 38 0.5000330131416238
638 413 0.5000432313695626
639 0 0.5016218651582083
640 0 0.5001903588633662
641 744 0.5002104255244016
642 639 0.5001887776612948
643 0 0.5001004922014678
644 696 0.5000032486448521
645 837 0.5000938136295673
646 475 0.5000081361321004
647 0 0.5001039590303324
648 837 0.5000565661394645
649 382 0.5000074795755951
651 294 0.500131960668839
652 764 0.5000715851988068
653 289 0.5002929877736124
654 295 0.5000025003657614
655 778 0.5002113391462152
656 0 0.5000289572124254
657 0 0.5000003469433006
658 742 0.5000104688172058
659 0 0.5000200302610696
661 538 0.5000015996926096
662 0 0.5002929877736124
663 900 0.5000374035389942
664 439 0.5000277438831275
665 631 0.5006895902387891
666 159 0.5000158213268171
667 210 0.5000844244273217
668 720 0.5000845421983197
669 394 0.5000054924670249
671 789 0.5000352524579289
672 173 0.5002192407665255
673 33 0.5007356879926382
674 386 0.500453897324258
675 302 0.500276588866196
676 0 0.5002143673840346
677 657 0.5002929877736124
678 196 0.5000001561580627
679 527 0.5000031197644437
680 600 0.5000542908518221
682 64 0.5002135685152925
683 780 0.5000030538685637
685 847 0.5000782659629871
686 0 0.5000157409136102
687 365 0.5000631369892775
688 51 0.5010071408977962
689 0 0.500111402445641
690 856 0.5001661362465982
691 656 0.5000008473392281
692 231 0.5002929877736124
694 584 0.5000172931261015
695 518 0.5000977325525977
696 92 0.5000223187404512
697 526 0.5000366636940874
698 591 0.5000000659739081
699 393 0.5000464492575044
700 128 0.5000380595143054
701 0 0.5001922739719088
702 219 0.5000004114568645
703 157 0.5000952736032404
704 236 0.5000035327516603
705 0 0.5000226035062145
706 726 0.5000009417560419
707 0 0.5000370925623097
708 827 0.5000571460876022
709 679 0.5000002707655673
710 994 0.5010420918310418
711 527 0.5000044342943423
712 0 0.5000028705990696
713 632 0.5001768034678542
714 167 0.5001433435843406
715 955 0.5000188252770399
716 167 0.5000455519928763
717 135 0.5000117473676198
718 0 0.5000397665011593
719 258 0.5000174623536132
720 183 0.5004787790521487
721 0 0.5000066613676585
722 454 0.5000005721241063
723 0 0.5001137421139354
725 0 0.5000284311598853
726 697 0.5000736071378794
727 483 0.5000095251615897
728 0 0.5001112302481738
729 106 0.5000025113915343
730 550 0.5007109191864391
731 659 0.5002143423816514
732 252 0.5002718557716086
733 397 0.5000952033127346
734 0 0.5000908469916348
735 569 0.5000168953205001
736 500 0.5000009548634256
737 0 0.50001933847602
738 686 0.5002440093547277
739 0 0.5001711572186075
740 357 0.5000000754764324
741 867 0.5000020496062211
742 0 0.5000714042083662
743 134 0.5000612666181836
744 725 0.5000007793040294
745 3 0.5002666858656881
746 657 0.5000001432191831
747 723 0.5002503124081046
748 0 0.5000654085687635
750 0 0.5000135830793898
751 0 0.5000000053966805
753 38 0.5000369820644389
754 464 0.5000066910001102
755 126 0.5000364334585072
756 260 0.5002550410816375
757 965 0.502240388346866
759 31 0.5002929877736124
760 802 0.5002448967378448
761 0 0.5002008587801643
762 303 0.5000592079706673
763 33 0.5000065972064962
764 314 0.5001000749825294
765 587 0.5000147081040922
766 0 0.5001601713485269
767 508 0.500001046959075
768 89 0.5002929877736124
769 100 0.5000399680424381
770 709 0.5002929877736124
771 119 0.5000054145511929
772 711 0.5000930299950166
773 862 0.5001729881504002
774 0 0.5001531345862269
775 341 0.5000248107281159
776 746 0.500047364973159
777 869 0.5005136738531486
778 249 0.50000133779728
781 0 0.5002718557716086
782 799 0.5000008721043242
783 0 0.5002929877736124
784 592 0.50015318387055
785 352 0.5000016393977967
786 0 0.500130190411872
787 931 0.5002929877736124
789 148 0.5000095688163396
791 858 0.5078901808045088
792 91 0.500006403230141
793 0 0.5001558249957059
794 0 0.500054291417903
796 0 0.5000055270026782
797 338 0.5000000284318509
798 843 0.5000665634679712
799 269 0.5003093403202635
801 460 0.5000396770512795
802 500 0.5002846327028515
803 572 0.5001173793113809
804 616 0.5000344501914403
806 0 0.5000161280646624
807 176 0.5000000928287515
808 80 0.5000192924485044
810 353 0.5002919034889967
811 0 0.5002570193344857
813 235 0.5001270109005587
814 0 0.5000862375623525
815 615 0.5002456454765307
816 500 0.500169640004793
818 32 0.5002929877736124
820 615 0.5000822745769093
821 929 0.5000297253048158
822 551 0.5000132124244789
823 244 0.5000131629332576
824 44 0.5002929877736124
825 129 0.5000001163401847
826 759 0.5000290275567264
827 391 0.5001447195538314
828 930 0.5002929877736124
829 201 0.5000083236222741
831 0 0.5000787541314448
832 0 0.5001306223087045
833 651 0.5000171759446299
834 180 0.5000471702299806
835 64 0.5002159779069552
836 171 0.5000246743469738
837 556 0.5000828687306708
838 745 0.5000012821152413
839 836 0.5005081059010293
840 334 0.5004870149987246
841 436 0.5001015543860473
842 409 0.5000393581394311
843 738 0.5000015650687575
844 983 0.5000246660631426
846 293 0.5001096242556682
847 236 0.5016955594211648
848 863 0.5001422637734543
849 571 0.5001910575683574
850 748 0.5004231325238722
851 136 0.5000991375600401
852 431 0.500032766330521
853 532 0.5002282530545406
854 358 0.5000105915838358
855 948 0.5002929877736124
856 707 0.5000009694485493
857 40 0.5000015328887034
858 173 0.5000114468268516
859 0 0.5000284714865705
860 925 0.5005704279125276
861 451 0.5000098921459352
862 121 0.5002929877736124
863 670 0.5000097876548164
865 147 0.5000500157164981
866 42 0.5000005834746454
867 770 0.5000045530123558
868 824 0.5002929877736124
869 0 0.5000911353557124
870 368 0.5001454818505816
871 0 0.5000009872395664
872 817 0.5000093892363721
874 210 0.5000742014251786
875 767 0.5002718557716086
876 270 0.5000953894781978
877 616 0.5001107978022296
878 883 0.5000009189127496
879 775 0.5000167211442248
880 156 0.5000105149742613
881 249 0.5000700024769852
882 36 0.5000004272334007
883 832 0.5000794802639965
884 201 0.5000952212665886
885 947 0.5000330131416238
886 366 0.5001575498416791
887 725 0.5000386992230403
888 615 0.5001104554988709
891 766 0.50000392349883
893 550 0.5002683754951583
894 704 0.5000015497728291
895 733 0.5000272151858179
896 885 0.5000415027438467
898 370 0.5002929877736124
899 144 0.5000012201835489
901 36 0.5000329092185003
902 296 0.5002929877736124
904 100 0.5000092940852277
905 735 0.5000012948122835
906 276 0.5001534048328211
907 766 0.5000019036945096
908 663 0.5000898395598471
909 0 0.5001262728928544
910 391 0.5000401481331423
911 403 0.5001420599647404
912 0 0.5000001641040358
913 525 0.5002655340330592
914 210 0.5000056019613158
916 696 0.5000034675215057
918 152 0.5000052183223431
920 808 0.5002197781687949
921 370 0.5000904192561002
922 0 0.5002929877736124
923 397 0.5001769853616276
924 146 0.5006348661234767
925 927 0.5000408407955198
928 970 0.5000375383019978
929 749 0.500016177280585
930 495 0.5002929877736124
931 37 0.5000198112804607
932 540 0.5000010663395056
933 862 0.5000077769250709
934 893 0.5000002172331929
935 746 0.5001323947979927
936 268 0.5001821955706685
937 747 0.5000701149664643
938 449 0.5001115948754706
940 0 0.5000003013440256
941 186 0.5000010990957979
942 675 0.5000866392763393
943 451 0.5000217654624053
944 0 0.5000097824369925
945 0 0.5001537024636984
946 20 0.5000283426414621
947 352 0.5002929877736124
948 150 0.5002929877736124
949 182 0.5011498554385847
950 573 0.5001298953820273
951 0 0.5002825195864893
952 276 0.5001218829096279
953 671 0.5000137941672176
955 709 0.5002320527837616
956 691 0.5002929877736124
957 191 0.5000361652119387
958 165 0.5000005753811176
959 0 0.5002929877736124
961 446 0.5002929877736124
963 464 0.5002386100172539
965 669 0.5004357737235879
968 265 0.5002929877736124
969 202 0.5000504612744587
970 249 0.5000114045069536
971 0 0.5000708576265981
973 943 0.5000123085119528
975 374 0.5004118137986606
976 0 0.5000782903066333
977 818 0.5001975925338146
978 548 0.5002929877736124
979 0 0.5000425676990986
980 415 0.5000053290465575
981 932 0.5002091068391944
982 384 0.5001048400182339
983 0 0.5002791947823951
984 707 0.5000189437336361
985 214 0.5000726615204235
986 0 0.5000145874999855
987 345 0.5000026746407774
988 435 0.5000026482001341
989 0 0.5000000265470631
990 295 0.5000469736606601
991 637 0.5000135490821734
992 215 0.5000256886158954
993 458 0.500280252776428
994 903 0.5001155854269556
995 407 0.5000006530849636
996 920 0.5000985866294908
997 104 0.5000030610892064
999 318 0.5002929877736124
