0 0 0.8124479513716616
1 261 0.051677427684665295
2 830 0.7360092072957988
3 553 0.2931429388673586
4 700 2.584500449369144
5 997 0.04373835523889399
6 0 2.617227455948452
7 630 0.8588551184380402
8 776 0.08065668940080548
9 605 0.47366853860639097
10 690 0.03232263010411305
11 956 0.5168544452771026
12 550 0.0046298231747993294
13 340 0.0660779793541717
14 0 2.727504067086389
15 245 0.5457203498178504
16 559 0.10156403902919102
17 800 5.219913779270364
18 440 1.048713335255326
19 564 2.141576746976263
20 352 1.5533882033197315
21 300 5.039151894278604
22 666 1.9615284823930483
23 143 1.3233830142374619
24 0 0.15817721972756763
27 0 0.07703073356466916
28 0 2.401800030120304
29 783 0.7862641250267134
30 423 0.6171302791506472
31 694 7.378937677638082E-4
32 929 1.9055082990096504
33 745 0.29148595253695103
35 549 0.015415217187334471
36 231 0.01635912301095713
38 240 2.4778841503702355E-4
39 505 0.01603115491785152
40 687 0.13436896314862784
41 249 1.7709241600643277
42 275 0.04136329602871533
43 72 0.11548089425152878
44 947 0.805218330655288
46 875 0.09843428572660987
47 629 0.15311240334394957
48 0 0.2800579203514773
49 318 6.0002676176681025
51 636 0.38798690423766163
52 0 0.5636222596168332
53 242 0.039615195559402135
54 798 0.016829450748362444
55 43 0.1978461974387318
56 612 0.01132399676881899
57 590 0.6908213786853377
58 0 0.9910261706074501
59 229 0.4917777855837625
60 47 0.8070132104093624
61 0 0.5941710985692903
62 546 0.925767639898457
63 0 1.5260205196947216
64 39 0.36578670662784274
65 0 1.669484508259551
66 0 2.417925333198009
67 223 0.011926101547592946
68 427 0.37240892610416637
69 318 0.001157251847132609
70 0 3.1875861167106856
72 275 3.96879345327466
73 0 0.0802690408529369
74 0 0.030931979124850857
75 0 0.16087370315709562
76 646 0.714890430852882
77 0 0.7194978341656291
78 919 0.020025957414334095
79 610 1.0438656406979194
80 0 0.2891337454023836
81 708 0.9069057696962844
82 442 0.0017071608402464277
83 0 0.1529726015316333
84 0 0.7777877223500912
85 992 0.1916048741947609
86 880 1.778547601094814
87 923 0.8624059342274301
88 0 0.592208486989883
89 820 0.06691724580302577
91 5 3.635943903802217
92 146 0.18556223365383195
93 50 0.7369228450315577
94 389 0.129276984729478
95 57 0.09097467709936834
96 0 0.048910761466978724
97 463 2.4262069294576687
98 95 1.6615971279605346
99 559 0.2917955092786166
100 4 0.046131994587051944
101 0 0.3670601826230803
102 5 0.5366457627072571
103 682 0.039357568990721584
104 401 0.008878822430069698
107 0 0.12586116573560582
110 0 0.0
111 0 0.903786240152311
112 764 0.5146084020633457
113 418 0.04296535382125674
115 103 1.900510207422247
116 588 0.02078546110313215
117 967 0.5505327285329451
118 883 2.39056581143383
119 610 1.4520281206714094
120 0 0.0
121 464 3.0014247293451897
122 79 7.706585890794711
123 553 0.1688176754396874
124 693 1.1199337204839939
125 409 0.16016737813061133
126 4 0.2951843698457288
127 0 0.0040111508069657735
130 39 2.228767371056341
131 699 0.6043276564683108
133 0 1.401531195429476
136 193 5.18496807666998
137 509 2.808611455802994
138 140 0.18836019619444483
139 322 0.0
140 0 0.0016388466569135917
141 512 0.11021389655597442
142 848 0.0015553912670365209
143 0 1.131898300742782
144 86 1.0294173555033623
146 603 1.5827485142103874
147 727 0.005855362947717381
148 551 0.4883105557162523
149 507 0.8206975394593616
150 0 0.05643263971597974
151 47 0.4706595779862332
152 231 0.31380192106780974
153 0 0.020389485738346414
154 906 1.9553301052088357
155 0 0.0017095509055023213
156 467 4.799632921860469
157 812 2.306880617306121
158 426 0.299565290725644
159 797 0.307359443414051
160 316 2.3879860735863767
161 840 0.05453048886342937
163 529 0.031034386414137333
164 44 0.1318386965529527
165 324 0.09644491626507248
166 909 11.73446282796875
167 0 1.821289931778449
168 492 0.030923408370598957
169 968 5.4259130708189565
170 0 0.06810164302719057
172 261 0.13425352339535815
174 849 1.5559924259416975
175 548 0.017778931078344565
177 0 2.6629272215132618
178 629 0.0023037685291115405
179 805 0.0014880046828428467
180 0 7.387573322002521
181 595 0.28521605181577886
182 371 0.7853152537525818
183 338 0.8838915295248778
185 845 0.019444326382935858
186 226 0.06940852674909895
187 175 1.6648428578049774
188 367 0.6292166937105116
189 752 1.6161310181712698
190 380 0.0336402459778142
191 852 0.3864304256398215
192 0 1.8540357030834373
193 740 0.0801729683588496
194 567 0.2971984691225759
195 742 2.8716788930741286
196 0 0.0
197 12 0.46586902716058776
198 269 0.0027244331170149924
199 680 3.1827156174096394
200 0 0.3948950266394681
201 200 0.026162558550570387
202 465 0.0
203 199 0.0986932585603536
204 162 0.19705655493727092
205 0 0.04411494608725936
206 34 1.071202782138446
207 392 0.44154185437804233
208 401 0.10942138351270875
209 508 0.8015043896630552
210 32 0.37742134404450517
213 480 0.44891786655752725
215 434 1.62077778272697
216 0 0.11451540716113975
217 0 0.00801890730274817
218 0 6.500281140327027
219 539 2.9952526705002525
220 691 0.16763208668826274
221 317 0.010424384542482517
222 476 0.007266513568409481
223 0 0.09954247737243978
224 566 0.09041240715270574
225 75 0.9518704243399158
228 0 1.325305976531276
229 307 1.1742510146070222
230 437 4.96837149462622
231 797 2.447057729309266
232 542 0.11813899873448881
233 236 0.20115471141249627
234 393 0.00334885180137994
235 862 0.2903118081303434
237 580 0.15434291945247886
238 661 0.3175074632037051
239 851 2.3596417228085484
240 674 0.276333328131403
241 674 5.687680024295726
243 261 1.6794750736376083
244 646 0.22654859311649575
245 17 0.6066992457338127
246 203 0.575977021426587
247 0 0.09839516657437004
250 106 0.08864357823571123
251 912 0.04197856677890223
252 412 0.09897917847214475
253 936 5.150910629350131
254 263 0.03831014796702848
255 370 0.08881963216010029
256 430 0.0013393601432587394
257 177 0.6290436615994117
258 101 0.0039956020737958575
259 106 0.08496802381065524
260 553 0.7322013354684702
261 202 0.04758654797826084
262 0 0.28472533338498096
263 776 3.246587261758181
264 843 1.9607726867765571
265 500 0.015056488306840784
266 0 2.211485413243931
268 463 0.31089741953977396
269 0 0.3596641485647514
270 430 2.659255547724488
271 284 0.744233741164513
272 375 0.0012423005449257538
274 780 0.18524565980633972
275 0 0.10294735155662096
276 816 1.7863934097602168
277 197 0.5182010593001054
278 649 0.007135549023896231
279 265 0.5267709114633362
280 211 1.5405590164278427
282 866 0.3395716810007869
283 279 0.03826343394755821
284 819 0.6382983131338592
286 814 0.7448349875837021
287 746 0.0630202392892338
288 0 4.049719130699887
289 913 0.019186066024922663
290 780 7.093805067209983E-4
291 0 0.8170030180866205
292 120 0.002179430612980006
293 82 1.757944151480778
294 0 0.21963912905576044
295 590 3.2236196930659258
297 549 0.31437790212566114
298 172 1.302052994389317
299 60 0.11225910326738177
300 555 2.5995096566493228
301 719 0.528510470783136
304 0 4.971249224196358
305 359 6.990519133196857E-5
306 62 0.0542822793887879
307 890 1.0806535332745553
308 0 0.18555762094330797
309 751 0.02705097066035367
310 293 0.3909991003374182
311 924 0.009159058911606519
313 0 1.8775086315803644
314 923 0.28950306820413796
315 0 0.02350172681632668
316 0 0.4640004985221089
317 244 0.03550999351073702
318 705 2.9141715488143496
319 0 0.9559627247592168
320 0 0.5299901249904807
321 193 7.50454201790418E-5
322 445 0.13567565890983238
323 856 0.8198129911477674
324 985 1.3030064939388692
325 776 2.3036658501697658
326 96 0.2502572212564166
329 399 0.006827394937187331
330 901 0.26381017528817946
331 0 0.3503373447239819
332 0 0.11522502562825163
333 159 0.04915337435422226
334 987 4.266000486443706
335 307 0.2218489034959145
336 0 0.04863281423614879
337 490 0.004881444740879997
338 598 0.1302207707849359
339 0 0.3002489130507732
340 493 0.9241404215666879
341 7 0.20060095656810636
342 804 0.019950571280605272
343 492 0.7675176636128793
344 627 2.1442045286295155
345 691 0.1465318244756435
346 419 0.027887818178454364
347 565 0.9791458848389414
348 416 1.197330305091506
349 0 0.02663316749146102
350 308 0.6861465668968216
351 756 3.844501818486793
353 782 0.5819827479585569
354 832 8.761555867847047E-4
357 294 0.05563494787190934
358 971 0.12569764235758538
359 260 17.676075479300238
360 281 0.0016282027230391772
361 0 0.32002234114800016
362 673 0.0
363 687 4.810157712857264
364 0 1.5774096586610526
365 566 0.1469330504726705
366 757 1.2933021214551397
367 256 0.2785181014824253
368 791 1.6241545542787204
369 952 0.7149294303033323
372 766 0.18188876146977256
373 431 0.03169602802235046
374 336 10.288987019621752
375 142 1.2246037590598713
376 68 0.0059644743375216434
377 61 0.2011862166951929
378 178 0.5257880508880247
379 467 0.5216507147988012
380 852 1.2841949039736371
381 642 0.112700231135736
382 513 0.4620294259475451
383 0 0.3012017528384676
384 586 9.806065054929526
385 357 0.027422049129771635
386 677 0.031504543375871184
387 899 0.13740216246473885
388 529 0.08235162179858
389 664 0.2182423100504068
390 520 0.27655416561844753
391 463 0.1299033992953084
392 32 2.7509593111053823
393 748 0.043098506225626554
394 479 0.2251869422017938
395 0 1.8858180461710883
396 840 0.25927407335712277
397 408 0.5941571451289293
399 481 0.18057739422098035
400 0 0.11310255172729575
401 58 1.92551753430109
403 568 0.40643415050202275
404 740 0.01675356929381036
405 127 0.6653982552379409
406 9 2.3313566735036008E-5
407 134 0.10759748744758366
408 500 0.6895057585053788
409 982 1.0933478588753072
411 0 0.22521513020362458
412 637 0.13006856688567517
413 195 1.0194647389568785
414 920 0.466363831053352
415 373 0.0182566479952901
416 297 0.005092476787079175
417 811 0.07577682073081415
418 412 0.0
419 314 0.2531741753233248
420 574 0.07630124752839594
421 554 0.12942908168102457
422 943 0.007336643616090238
423 917 0.4635294506623762
424 640 0.1489805453636208
425 168 1.3314081072801698
426 836 0.8125972840391512
427 745 0.680859232443069
428 69 0.021751598618662063
431 565 0.03703843654778372
432 642 0.09900558390731772
433 988 0.9474581714726384
434 861 2.2001559653861285
435 0 0.6310383054887305
436 0 0.01654421274998607
437 192 0.6325748130953257
438 0 0.023989926285871505
439 0 0.0669017590960478
440 917 0.22282484072928208
441 473 2.4604091512243964
442 512 0.35572789031538393
443 500 0.0046298231747993294
444 168 0.15513573690257995
445 340 0.009105191702068655
446 146 0.08027862516389488
448 317 0.08261444888813846
449 130 0.535771141088725
450 442 0.7264083374225916
451 416 1.0396178287543736
452 529 0.4588283406761481
453 569 0.6932184744787611
454 152 0.07001616942214473
455 157 0.09579024745733312
456 475 0.13973545728723252
457 889 4.720206945758021
458 213 0.09012430432957665
459 342 0.001711771755466736
460 780 6.739695698122305
461 469 0.8592013730777321
462 157 0.03767360130725474
463 467 4.160463892983684
464 511 3.9561128088477804
465 815 0.7452161425770326
466 253 3.814712488036859
467 70 1.8966501641208158
468 192 0.14161227648073435
470 412 1.3320022825813111
471 932 0.3970970914433028
472 618 5.351722741017723E-4
473 520 0.07969801815587785
474 800 0.16592508493449643
475 456 0.552847039212217
476 400 0.27460677482723755
477 0 4.037817131467004
478 593 0.27571462367763333
480 921 0.147426012638662
481 295 5.133474379852386
482 328 0.032606963452629804
483 673 2.2497463138504403
484 0 0.06295280134065859
485 609 1.7832925481391009
486 99 0.9228521353331876
487 743 0.4445255946934881
488 941 6.184810173364776
489 370 0.02403083903687257
490 603 0.6754868911324431
491 552 0.5516539644719544
492 945 0.2586834226196312
493 573 0.0015942597282621413
494 962 0.5615837810164878
495 856 0.020756326796753967
496 462 2.7308120590980796
497 406 4.335559724530609
498 229 1.2989791629597505
499 691 0.0010056793197407523
500 777 0.009574373799080436
501 900 0.0016215509836644299
503 269 0.01410787633986502
504 939 1.3585461465762008
505 275 0.018698652007148566
507 529 0.9038272147636381
508 33 2.3510609154986652E-4
509 637 0.24565644714057205
510 427 0.8287036410723233
511 292 0.030405068235393524
513 975 2.2209456815045123
514 762 0.311989287915013
515 562 0.08505246520848705
516 432 0.33858710072415604
517 0 0.0024068294072097725
518 517 0.1548736730763494
519 393 3.72047274176163
520 4 0.010944437322240343
521 0 1.995893210841957
522 468 0.06285883286878342
524 985 0.04387269516141013
525 906 0.29009216475721994
526 620 6.838072085704606
527 90 0.4162290796488243
528 238 1.6872983953160727E-4
529 742 0.9762222571653109
530 319 0.04427754264314341
531 430 0.2630659665636667
533 165 1.6843003823606624E-5
534 499 0.46942985893313016
535 672 9.790086053560545
536 568 1.3694678070260597
537 0 0.004445869506298322
538 593 0.24234972152250253
539 208 0.6225725792758012
540 722 0.0
541 0 0.47474656337100396
542 297 0.8287736227563085
543 859 0.0025616872565186384
544 721 0.1492434632821813
545 100 2.0111344384498606
546 62 0.38342334412778706
547 845 0.012684148008055271
548 288 0.3813365395624267
549 127 0.06247340145111798
550 382 0.11875711737173088
551 711 0.2066416078881234
553 748 0.26644847266097815
554 874 2.6015897346219434
555 960 0.13385989508993576
556 400 0.04429282442395858
557 684 0.02992239120050682
558 536 0.46551655583196083
559 137 4.573302830800814E-4
560 541 0.1379255500136995
562 68 0.16304707935783633
563 443 0.9285089490299477
564 0 0.6887574756346092
565 737 0.030717325245237136
566 0 1.3300359615585045
568 598 0.2458064210273001
570 0 0.6424799840207978
571 562 0.819237999405463
572 890 0.04042895992479954
573 333 0.45268622648234647
574 678 2.6209519482612462
575 347 0.027775498690808847
576 115 0.01583258412267054
578 522 0.5042605306621628
580 0 3.7556758325572783
581 331 0.005698343060777257
582 314 0.7026367667983239
583 574 1.2469041432254977
586 0 0.011524015179002782
587 521 1.3046586891546903
588 540 0.05129973604616444
589 539 0.07910374622078455
593 61 4.920130618309698
594 64 0.2252680296896501
595 999 0.10806274260132431
597 596 1.2942053344659272
598 0 8.545321274607852
599 0 0.2183379622315786
600 551 1.4273095549163342E-4
601 48 0.6376017792738672
602 330 0.9608276802681489
603 28 0.06633084058556961
604 317 0.7585699785635939
605 130 2.007625248148457
606 801 0.729196332460134
607 0 5.104132815953624
609 219 0.42067429923739136
610 691 0.034620664422540186
611 427 0.020022319884275202
612 801 2.487676765571378
613 543 0.005488836905727051
614 0 0.02915891819088615
615 0 0.1224294747565397
616 567 0.056478227054260956
617 930 0.3452248462128153
619 427 0.590465169193759
620 113 0.5107614501229413
621 593 0.14832096297170497
622 840 0.9243400691403487
623 299 0.004144259767936745
624 436 0.36847688682939445
625 939 1.1306711051826464
626 900 0.6832762288453041
627 138 0.09547267391576143
628 298 0.19605955468636221
629 547 0.005898654170127342
630 412 1.2711102632812719
631 553 0.027961750891735103
632 534 2.094775772375683
633 426 0.7011859733079258
634 893 0.6266425749038458
635 665 0.097052609797401
636 24 2.3879860735863767
637 458 0.38473333792002956
638 675 0.0607889309530247
639 318 0.0
640 867 0.012158199333521382
641 271 0.030546582960441628
642 374 0.005634478908190371
643 523 2.7785922814332853
644 893 0.001960683786999982
645 0 0.025305206296489278
646 536 0.07507213908326521
647 59 0.9946294072241866
648 563 2.2194616569253376
649 792 0.757247075276342
650 0 0.018913781057618678
651 0 0.6432840059166959
652 382 0.13231027340576354
653 740 0.36375166897101757
654 283 0.05067160139879989
655 0 0.012960034357244847
656 523 0.6275275998466397
657 226 0.33160061485493864
658 915 0.2148333782287965
659 0 0.35098034054560584
660 917 0.0
661 305 8.86029245537656E-4
662 0 3.223680017043162
663 294 0.7495252650095442
664 334 2.1316821210640176E-6
665 0 0.001538094095263969
666 0 0.061328764526420644
667 0 0.18780368000879225
668 160 0.3389494328778849
669 0 1.2886337461206203
670 988 0.29164120554765965
673 140 0.021273085514992122
674 884 0.027885733634294977
675 640 1.1064351549716906
676 124 0.07248276531853781
679 788 0.0
680 482 0.3360807115323951
681 590 0.6518008810781769
682 912 0.8397704045067742
683 412 0.11124555489760336
684 512 0.2924684314241025
686 646 0.1770629104698196
687 0 0.2640983242675289
688 772 0.3821814582170252
689 0 0.2083333318027354
690 324 1.7944168966774767
691 721 0.01826814456982919
692 552 4.1776284589716655
693 32 0.9689294167140642
694 459 1.9809226931176367
695 714 0.7948649047772215
696 567 0.06971372530937796
697 481 0.9602410289994819
698 563 0.043913874305242524
699 277 7.614221809190138
700 0 0.09402458113988348
701 991 0.42455629743657464
702 182 2.702398373783691E-4
703 338 0.023451743375304514
704 442 0.009082123799395896
705 654 0.37326226237616555
706 418 1.302813397617451
707 231 1.4953746733548348
709 773 0.44252620109057406
710 0 0.38282088972686423
711 751 0.33558119201972586
712 703 0.14473415503055145
714 909 0.05839146724640883
715 930 0.1643191692384943
716 951 0.09482737062660833
717 194 0.8534084917208958
719 713 0.12310429970935022
720 919 2.2453003934175633
721 470 0.05011157658746706
722 104 0.6465810296087784
723 778 0.07637691173956718
724 422 0.6974424148521992
725 202 0.005495049398150777
726 412 1.490237837111317
727 478 0.37714208113552294
728 690 1.1774701080366983
729 494 0.0489050660406709
730 293 1.9372603535832271
733 0 0.8855471051119467
734 271 0.06957827024599234
735 450 1.3358352575383474
736 483 0.5549067047433136
737 252 2.296751801263011
740 270 1.2667116032658425
741 338 0.40771340022507846
742 585 0.0638736006354173
743 527 1.5587418930743224
744 854 0.11315426397926158
745 558 0.01571254519365416
746 0 0.06903792098799028
747 160 0.0376599491743927
748 26 0.28168438616541336
749 197 0.9333401937479759
750 5 0.0061178090724823865
751 738 2.2970116961882483
752 585 0.2754094268286824
754 101 3.598408904262201
755 835 0.12816312268552454
757 0 14.422094779580695
758 0 0.0011233074104508725
759 580 0.5545563630079258
760 525 0.016045967451711843
761 762 0.16931570389662898
762 0 0.5562967717191777
763 175 2.3232281846639293
764 45 0.019527259787506215
765 894 0.285103277111187
767 390 0.048233798488750264
768 818 0.8272198296499278
769 79 2.6949679269255764
770 838 0.023954368453504227
772 235 0.36266339410366477
773 925 0.4588990791943709
774 0 0.07839928413794077
776 571 0.03569613836460952
777 740 0.2750367258389282
779 0 0.09505722359844036
780 694 4.436865495078681
782 927 1.2057932209681155
783 657 3.089309992669097E-4
784 6 1.5699528909493705
785 172 0.13475177180595124
786 683 1.6363855573188404
787 546 0.0206629513046668
788 59 0.07640686113774721
789 973 2.2879155806453597
790 0 1.0842128054855553
791 0 0.6736620172554334
792 465 0.013725767976429055
793 377 0.19472459432453118
794 147 0.330641337327629
795 471 0.09355966639847968
796 803 0.23037933185262494
797 930 1.10143623673533
798 724 1.8831113064509775
799 22 0.706926827193707
800 0 0.9039060054739395
801 732 3.5795514133236206
803 696 0.025789158269716398
804 424 0.07129593553241222
806 685 6.084084262082086
807 487 1.2021911906039524
808 43 0.7884316775835127
810 589 0.04075552090127957
811 684 0.006661861644901807
812 669 3.3085453350667904
814 151 0.007473705746028434
815 318 0.06683859569187738
816 655 11.608217942491523
817 747 0.006299963903275399
818 228 4.682139752254813
819 575 4.907632571754606
820 132 0.01639284743123594
821 29 2.0139783432513516
822 411 6.913066214897633
823 233 0.0021568828968510827
824 426 1.073626006181968
825 0 4.649440803078934
827 10 0.3866700100850788
828 836 0.8148396039500134
829 715 0.04663469263960182
830 509 0.07231596816500302
831 0 0.19202065812032798
832 655 0.0022838317636252135
833 0 0.6697273265860217
834 623 0.17603480182750597
835 138 1.9587895110986142
836 443 2.7377059517333144
837 828 0.13024632858700408
838 0 0.0751144478548188
839 0 0.7278711228233524
840 426 0.005752746195156216
841 57 4.154590552377867
842 602 1.4978886845477677
843 0 0.0019500901784668527
844 705 0.0011651139516925695
845 0 3.929381366038061
846 830 1.1353984701560482
847 250 0.5317521448569834
849 86 0.1202607281052457
850 822 0.01749287159497206
851 504 0.008585674874145152
852 665 0.005287178422649354
853 964 0.7513597087558518
854 519 0.863420474169199
855 669 1.1866036034099319
856 229 0.49370138312409845
857 473 0.023926562501874027
858 936 1.3256802539348052
859 327 3.6215153923463976
860 0 0.36436732517277953
861 394 0.2080069741108683
863 790 0.3401303321438883
864 180 0.09292336761667716
865 647 1.6105991824605587E-4
867 24 0.11815682505174994
868 407 0.06014180621769196
869 578 3.061077504484625E-4
870 218 0.010313897590370569
871 737 0.2777068095605408
872 529 1.354475142283836
874 543 0.49353104151594734
875 405 1.3009217865717975
876 0 6.910884918033278E-5
877 329 1.2890765899768002
878 593 7.10461994998069E-5
880 396 0.33523987539370775
881 639 0.325068754640268
882 636 0.15934577266725425
883 853 0.017569816502802864
884 0 9.613900625278657
885 0 0.8284982253736866
886 688 0.7245947453567371
887 9 0.12506872175971318
888 495 0.21505032713704783
889 572 0.29354796530716165
890 694 0.3970816951405779
891 552 0.5326083231521808
892 0 0.3403981792150925
893 0 0.0
894 456 0.9929452734743036
895 0 0.11747130195732787
896 739 0.9489541192971286
897 600 9.989497220566218
898 946 0.3301724870923464
899 941 1.722391042938619
900 329 1.5534244090986618
902 829 0.0015641009941883873
903 588 4.8962081183404935
904 0 1.3770869132179582
905 774 0.05469188352067249
906 500 0.05089100992414118
907 0 0.13544684430740786
908 199 0.05403616319361539
909 443 0.884629839749763
910 909 3.448776007016993
911 314 0.17984985966825243
913 354 4.9293505169517395
914 0 1.9216099480618765
916 447 0.0
917 587 2.8240674021527474
918 0 1.0731008602772083
919 326 0.910029553405611
920 771 0.08801236209044593
921 852 0.1845155059794692
922 0 0.07815633004133452
923 0 0.006828352286473909
924 712 0.2546640912752834
925 646 0.4077597921870931
926 289 0.1926474055908687
927 362 0.03174122061496959
928 366 0.09489999707668167
929 408 0.7715766612103871
930 820 0.7499571741145907
931 296 0.6635765844961429
932 540 0.0
933 185 0.023910679781017626
934 684 1.8422350736102995
935 0 0.049634090117910756
936 868 0.001448359117719269
937 381 0.41777570520835416
938 0 5.571761700057083
939 455 0.23981497150096526
940 711 1.4009780097090898
942 965 0.31388317865532833
943 643 0.13407479973883796
946 571 3.28053588912404
947 580 3.5651116748895033
948 97 0.09202217240461663
949 108 1.685100058168347
951 633 0.0014130520088645362
952 714 0.04025871000699799
953 82 3.096369329602051
954 0 0.022658982491207708
955 694 0.909134359310487
956 119 0.32698574058611174
957 784 1.2562433863713713
958 668 2.1344635138717796
959 447 1.3714626803881973
960 896 2.8755702398839604
961 58 7.202116448546604
963 727 1.971076949919741
964 281 0.04171455225918782
965 746 2.9573572808167192
966 230 0.0010929130928585657
967 862 1.0438656406979194
968 952 0.04141420830987117
970 0 1.5849980761870994
971 0 2.5489083026396644
972 895 1.3683384058512675
973 195 4.534362112824586
974 799 1.158391648874319
975 760 0.0032358361031035853
976 972 13.835150311476333
977 446 0.05882414311452006
978 279 2.0210951683068794
979 828 0.192599700219519
980 563 0.024053695732643335
981 761 0.8827385507781501
982 782 0.1782036474763158
983 912 0.2579748403002397
984 185 0.9079507954070647
985 455 0.0
986 554 0.09006025344356602
987 959 1.5699528909493705
988 900 0.14727498184513432
989 309 0.0
990 567 0.041936304727470654
991 0 0.05871049096395818
992 614 1.0241982345727831
993 92 0.19902627069653672
994 694 0.7322980944107815
995 722 0.02792693933404192
996 564 2.5669968004892927
998 783 0.06950989597294117
